Pixel,  Wavelength(nm)
000,   1520.4260
001,   1520.5332
002,   1520.6405
003,   1520.7479
004,   1520.8565
005,   1520.9625
006,   1521.0716
007,   1521.1767
008,   1521.2849
009,   1521.3933
010,   1521.4996
011,   1521.6077
012,   1521.7134
013,   1521.8206
014,   1521.9282
015,   1522.0343
016,   1522.1425
017,   1522.2484
018,   1522.3565
019,   1522.4619
020,   1522.5691
021,   1522.6752
022,   1522.7824
023,   1522.8890
024,   1522.9950
025,   1523.1027
026,   1523.2085
027,   1523.3155
028,   1523.4223
029,   1523.5277
030,   1523.6351
031,   1523.7390
032,   1523.8460
033,   1523.9523
034,   1524.0576
035,   1524.1663
036,   1524.2702
037,   1524.3774
038,   1524.4836
039,   1524.5890
040,   1524.6971
041,   1524.8005
042,   1524.9071
043,   1525.0127
044,   1525.1185
045,   1525.2249
046,   1525.3286
047,   1525.4359
048,   1525.5420
049,   1525.6469
050,   1525.7533
051,   1525.8582
052,   1525.9653
053,   1526.0694
054,   1526.1745
055,   1526.2800
056,   1526.3852
057,   1526.4919
058,   1526.5955
059,   1526.7012
060,   1526.8075
061,   1526.9125
062,   1527.0186
063,   1527.1217
064,   1527.2274
065,   1527.3324
066,   1527.4372
067,   1527.5428
068,   1527.6466
069,   1527.7527
070,   1527.8571
071,   1527.9619
072,   1528.0677
073,   1528.1709
074,   1528.2768
075,   1528.3812
076,   1528.4860
077,   1528.5910
078,   1528.6937
079,   1528.8003
080,   1528.9044
081,   1529.0090
082,   1529.1139
083,   1529.2168
084,   1529.3225
085,   1529.4261
086,   1529.5302
087,   1529.6351
088,   1529.7383
089,   1529.8439
090,   1529.9475
091,   1530.0516
092,   1530.1569
093,   1530.2594
094,   1530.3646
095,   1530.4680
096,   1530.5708
097,   1530.6748
098,   1530.7778
099,   1530.8825
100,   1530.9862
101,   1531.0899
102,   1531.1943
103,   1531.2967
104,   1531.4020
105,   1531.5053
106,   1531.6085
107,   1531.7121
108,   1531.8144
109,   1531.9189
110,   1532.0223
111,   1532.1254
112,   1532.2295
113,   1532.3314
114,   1532.4353
115,   1532.5389
116,   1532.6430
117,   1532.7463
118,   1532.8473
119,   1532.9510
120,   1533.0543
121,   1533.1577
122,   1533.2616
123,   1533.3626
124,   1533.4665
125,   1533.5697
126,   1533.6715
127,   1533.7764
128,   1533.8771
129,   1533.9799
130,   1534.0825
131,   1534.1840
132,   1534.2891
133,   1534.3909
134,   1534.4932
135,   1534.5966
136,   1534.6981
137,   1534.8015
138,   1534.9030
139,   1535.0051
140,   1535.1082
141,   1535.2089
142,   1535.3122
143,   1535.4147
144,   1535.5166
145,   1535.6199
146,   1535.7206
147,   1535.8236
148,   1535.9266
149,   1536.0272
150,   1536.1300
151,   1536.2308
152,   1536.3324
153,   1536.4349
154,   1536.5358
155,   1536.6390
156,   1536.7405
157,   1536.8422
158,   1536.9444
159,   1537.0451
160,   1537.1468
161,   1537.2483
162,   1537.3490
163,   1537.4516
164,   1537.5523
165,   1537.6539
166,   1537.7555
167,   1537.8558
168,   1537.9587
169,   1538.0592
170,   1538.1611
171,   1538.2623
172,   1538.3621
173,   1538.4637
174,   1538.5653
175,   1538.6665
176,   1538.7680
177,   1538.8680
178,   1538.9690
179,   1539.0699
180,   1539.1705
181,   1539.2721
182,   1539.3722
183,   1539.4734
184,   1539.5743
185,   1539.6736
186,   1539.7755
187,   1539.8763
188,   1539.9769
189,   1540.0781
190,   1540.1777
191,   1540.2790
192,   1540.3792
193,   1540.4778
194,   1540.5792
195,   1540.6788
196,   1540.7793
197,   1540.8802
198,   1540.9787
199,   1541.0798
200,   1541.1808
201,   1541.2797
202,   1541.3810
203,   1541.4804
204,   1541.5806
205,   1541.6811
206,   1541.7788
207,   1541.8799
208,   1541.9795
209,   1542.0794
210,   1542.1804
211,   1542.2788
212,   1542.3794
213,   1542.4793
214,   1542.5771
215,   1542.6779
216,   1542.7778
217,   1542.8763
218,   1542.9769
219,   1543.0752
220,   1543.1756
221,   1543.2757
222,   1543.3729
223,   1543.4734
224,   1543.5726
225,   1543.6707
226,   1543.7706
227,   1543.8686
228,   1543.9681
229,   1544.0676
230,   1544.1654
231,   1544.2653
232,   1544.3651
233,   1544.4630
234,   1544.5628
235,   1544.6611
236,   1544.7594
237,   1544.8589
238,   1544.9561
239,   1545.0553
240,   1545.1547
241,   1545.2519
242,   1545.3522
243,   1545.4502
244,   1545.5489
245,   1545.6483
246,   1545.7454
247,   1545.8440
248,   1545.9431
249,   1546.0399
250,   1546.1387
251,   1546.2368
252,   1546.3347
253,   1546.4344
254,   1546.5311
255,   1546.6292
256,   1546.7285
257,   1546.8249
258,   1546.9222
259,   1547.0210
260,   1547.1178
261,   1547.2174
262,   1547.3144
263,   1547.4118
264,   1547.5112
265,   1547.6071
266,   1547.7050
267,   1547.8032
268,   1547.8993
269,   1547.9977
270,   1548.0951
271,   1548.1922
272,   1548.2909
273,   1548.3880
274,   1548.4851
275,   1548.5835
276,   1548.6797
277,   1548.7772
278,   1548.8753
279,   1548.9710
280,   1549.0687
281,   1549.1659
282,   1549.2623
283,   1549.3600
284,   1549.4564
285,   1549.5539
286,   1549.6511
287,   1549.7467
288,   1549.8449
289,   1549.9422
290,   1550.0374
291,   1550.1342
292,   1550.2313
293,   1550.3275
294,   1550.4244
295,   1550.5206
296,   1550.6173
297,   1550.7152
298,   1550.8102
299,   1550.9063
300,   1551.0036
301,   1551.0986
302,   1551.1954
303,   1551.2923
304,   1551.3879
305,   1551.4851
306,   1551.5809
307,   1551.6770
308,   1551.7743
309,   1551.8696
310,   1551.9654
311,   1552.0621
312,   1552.1563
313,   1552.2524
314,   1552.3491
315,   1552.4438
316,   1552.5405
317,   1552.6365
318,   1552.7318
319,   1552.8289
320,   1552.9244
321,   1553.0202
322,   1553.1159
323,   1553.2099
324,   1553.3050
325,   1553.4018
326,   1553.4956
327,   1553.5916
328,   1553.6876
329,   1553.7815
330,   1553.8776
331,   1553.9735
332,   1554.0684
333,   1554.1647
334,   1554.2586
335,   1554.3533
336,   1554.4504
337,   1554.5445
338,   1554.6393
339,   1554.7357
340,   1554.8293
341,   1554.9246
342,   1555.0204
343,   1555.1137
344,   1555.2094
345,   1555.3042
346,   1555.3973
347,   1555.4928
348,   1555.5880
349,   1555.6822
350,   1555.7782
351,   1555.8722
352,   1555.9670
353,   1556.0630
354,   1556.1557
355,   1556.2501
356,   1556.3450
357,   1556.4383
358,   1556.5325
359,   1556.6272
360,   1556.7206
361,   1556.8159
362,   1556.9100
363,   1557.0032
364,   1557.0987
365,   1557.1928
366,   1557.2859
367,   1557.3813
368,   1557.4750
369,   1557.5686
370,   1557.6632
371,   1557.7559
372,   1557.8500
373,   1557.9453
374,   1558.0378
375,   1558.1319
376,   1558.2261
377,   1558.3181
378,   1558.4119
379,   1558.5067
380,   1558.5990
381,   1558.6938
382,   1558.7879
383,   1558.8800
384,   1558.9747
385,   1559.0683
386,   1559.1609
387,   1559.2549
388,   1559.3471
389,   1559.4396
390,   1559.5336
391,   1559.6260
392,   1559.7196
393,   1559.8133
394,   1559.9056
395,   1559.9991
396,   1560.0930
397,   1560.1854
398,   1560.2782
399,   1560.3717
400,   1560.4639
401,   1560.5573
402,   1560.6501
403,   1560.7419
404,   1560.8359
405,   1560.9288
406,   1561.0203
407,   1561.1133
408,   1561.2061
409,   1561.2977
410,   1561.3906
411,   1561.4828
412,   1561.5752
413,   1561.6686
414,   1561.7607
415,   1561.8526
416,   1561.9457
417,   1562.0381
418,   1562.1302
419,   1562.2226
420,   1562.3144
421,   1562.4060
422,   1562.4983
423,   1562.5903
424,   1562.6824
425,   1562.7743
426,   1562.8671
427,   1562.9587
428,   1563.0512
429,   1563.1430
430,   1563.2341
431,   1563.3257
432,   1563.4176
433,   1563.5089
434,   1563.6003
435,   1563.6928
436,   1563.7847
437,   1563.8763
438,   1563.9677
439,   1564.0588
440,   1564.1509
441,   1564.2422
442,   1564.3324
443,   1564.4243
444,   1564.5164
445,   1564.6070
446,   1564.6985
447,   1564.7901
448,   1564.8810
449,   1564.9729
450,   1565.0637
451,   1565.1545
452,   1565.2462
453,   1565.3368
454,   1565.4271
455,   1565.5184
456,   1565.6093
457,   1565.6994
458,   1565.7914
459,   1565.8816
460,   1565.9724
461,   1566.0642
462,   1566.1546
463,   1566.2442
464,   1566.3354
465,   1566.4254
466,   1566.5152
467,   1566.6071
468,   1566.6972
469,   1566.7877
470,   1566.8789
471,   1566.9687
472,   1567.0592
473,   1567.1503
474,   1567.2396
475,   1567.3294
476,   1567.4204
477,   1567.5095
478,   1567.5996
479,   1567.6902
480,   1567.7804
481,   1567.8703
482,   1567.9606
483,   1568.0504
484,   1568.1406
485,   1568.2307
486,   1568.3204
487,   1568.4101
488,   1568.4997
489,   1568.5897
490,   1568.6785
491,   1568.7680
492,   1568.8581
493,   1568.9480
494,   1569.0377
495,   1569.1270
496,   1569.2157
497,   1569.3052
498,   1569.3954
499,   1569.4850
500,   1569.5747
501,   1569.6647
502,   1569.7536
503,   1569.8426
504,   1569.9317
505,   1570.0207
506,   1570.1092
507,   1570.1991
508,   1570.2875
509,   1570.3767
510,   1570.4657
511,   1570.5547
Case Temperature: 29.561
Wavelength, Intensity
1520.426,    3064
1520.533,    3366
1520.641,    3366
1520.748,    3368
1520.856,    3361
1520.962,    3349
1521.072,    3355
1521.177,    3382
1521.285,    3350
1521.393,    3363
1521.500,    3349
1521.608,    3352
1521.713,    3348
1521.821,    3354
1521.928,    3344
1522.034,    3362
1522.142,    3338
1522.248,    3360
1522.357,    3350
1522.462,    3381
1522.569,    3355
1522.675,    3377
1522.782,    3333
1522.889,    3362
1522.995,    3356
1523.103,    3365
1523.209,    3357
1523.316,    3385
1523.422,    3364
1523.528,    3395
1523.635,    3347
1523.739,    3389
1523.846,    3373
1523.952,    3388
1524.058,    3363
1524.166,    3409
1524.270,    3370
1524.377,    3420
1524.484,    3394
1524.589,    3411
1524.697,    3384
1524.800,    3396
1524.907,    3395
1525.013,    3422
1525.119,    3399
1525.225,    3403
1525.329,    3385
1525.436,    3414
1525.542,    3415
1525.647,    3417
1525.753,    3403
1525.858,    3415
1525.965,    3390
1526.069,    3414
1526.175,    3401
1526.280,    3424
1526.385,    3404
1526.492,    3402
1526.596,    3409
1526.701,    3407
1526.807,    3392
1526.912,    3414
1527.019,    3383
1527.122,    3424
1527.227,    3406
1527.332,    3424
1527.437,    3385
1527.543,    3397
1527.647,    3395
1527.753,    3419
1527.857,    3406
1527.962,    3405
1528.068,    3388
1528.171,    3395
1528.277,    3382
1528.381,    3409
1528.486,    3383
1528.591,    3409
1528.694,    3397
1528.800,    3379
1528.904,    3398
1529.009,    3394
1529.114,    3398
1529.217,    3409
1529.322,    3383
1529.426,    3388
1529.530,    3370
1529.635,    3391
1529.738,    3382
1529.844,    3373
1529.947,    3380
1530.052,    3391
1530.157,    3364
1530.259,    3375
1530.365,    3362
1530.468,    3381
1530.571,    3374
1530.675,    3387
1530.778,    3383
1530.882,    3376
1530.986,    3374
1531.090,    3355
1531.194,    3352
1531.297,    3342
1531.402,    3340
1531.505,    3349
1531.609,    3342
1531.712,    3347
1531.814,    3361
1531.919,    3340
1532.022,    3361
1532.125,    3366
1532.229,    3356
1532.331,    3342
1532.435,    3340
1532.539,    3365
1532.643,    3345
1532.746,    3347
1532.847,    3345
1532.951,    3356
1533.054,    3362
1533.158,    3368
1533.262,    3357
1533.363,    3389
1533.467,    3403
1533.570,    3397
1533.672,    3369
1533.776,    3376
1533.877,    3347
1533.980,    3385
1534.082,    3393
1534.184,    3434
1534.289,    3387
1534.391,    3399
1534.493,    3384
1534.597,    3415
1534.698,    3376
1534.802,    3411
1534.903,    3391
1535.005,    3392
1535.108,    3386
1535.209,    3400
1535.312,    3386
1535.415,    3406
1535.517,    3388
1535.620,    3416
1535.721,    3396
1535.824,    3406
1535.927,    3374
1536.027,    3397
1536.130,    3415
1536.231,    3415
1536.332,    3397
1536.435,    3416
1536.536,    3398
1536.639,    3421
1536.740,    3413
1536.842,    3415
1536.944,    3401
1537.045,    3411
1537.147,    3427
1537.248,    3405
1537.349,    3402
1537.452,    3413
1537.552,    3401
1537.654,    3395
1537.755,    3406
1537.856,    3405
1537.959,    3394
1538.059,    3379
1538.161,    3417
1538.262,    3445
1538.362,    3388
1538.464,    3440
1538.565,    3387
1538.666,    3401
1538.768,    3392
1538.868,    3397
1538.969,    3399
1539.070,    3401
1539.171,    3402
1539.272,    3389
1539.372,    3399
1539.473,    3397
1539.574,    3379
1539.674,    3406
1539.776,    3409
1539.876,    3392
1539.977,    3392
1540.078,    3414
1540.178,    3397
1540.279,    3413
1540.379,    3408
1540.478,    3429
1540.579,    3406
1540.679,    3423
1540.779,    3445
1540.880,    3535
1540.979,    3528
1541.080,    3439
1541.181,    3444
1541.280,    3425
1541.381,    3433
1541.480,    3466
1541.581,    3435
1541.681,    3440
1541.779,    3434
1541.880,    3423
1541.979,    3446
1542.079,    3484
1542.180,    3566
1542.279,    3828
1542.379,    4160
1542.479,    4281
1542.577,    4124
1542.678,    4809
1542.778,    5648
1542.876,    5733
1542.977,    7602
1543.075,    25171
1543.176,    64511
1543.276,    65869
1543.373,    64231
1543.473,    62158
1543.573,    12620
1543.671,    7011
1543.771,    4349
1543.869,    3988
1543.968,    3761
1544.068,    3692
1544.165,    3618
1544.265,    3597
1544.365,    3552
1544.463,    3557
1544.563,    3480
1544.661,    3465
1544.759,    3473
1544.859,    3482
1544.956,    3510
1545.055,    3508
1545.155,    3509
1545.252,    3493
1545.352,    3441
1545.450,    3457
1545.549,    3453
1545.648,    3562
1545.745,    3518
1545.844,    3459
1545.943,    3432
1546.040,    3438
1546.139,    3428
1546.237,    3418
1546.335,    3418
1546.434,    3411
1546.531,    3378
1546.629,    3430
1546.728,    3404
1546.825,    3420
1546.922,    3382
1547.021,    3413
1547.118,    3384
1547.217,    3403
1547.314,    3390
1547.412,    3414
1547.511,    3401
1547.607,    3420
1547.705,    3377
1547.803,    3371
1547.899,    3371
1547.998,    3366
1548.095,    3368
1548.192,    3379
1548.291,    3389
1548.388,    3392
1548.485,    3385
1548.583,    3366
1548.680,    3353
1548.777,    3364
1548.875,    3355
1548.971,    3362
1549.069,    3363
1549.166,    3356
1549.262,    3359
1549.360,    3344
1549.456,    3349
1549.554,    3355
1549.651,    3337
1549.747,    3362
1549.845,    3355
1549.942,    3350
1550.037,    3323
1550.134,    3336
1550.231,    3343
1550.328,    3342
1550.424,    3326
1550.521,    3324
1550.617,    3325
1550.715,    3333
1550.810,    3308
1550.906,    3317
1551.004,    3293
1551.099,    3315
1551.195,    3306
1551.292,    3299
1551.388,    3311
1551.485,    3298
1551.581,    3307
1551.677,    3305
1551.774,    3311
1551.870,    3316
1551.965,    3306
1552.062,    3292
1552.156,    3320
1552.252,    3307
1552.349,    3313
1552.444,    3332
1552.541,    3313
1552.637,    3317
1552.732,    3310
1552.829,    3325
1552.924,    3289
1553.020,    3313
1553.116,    3303
1553.210,    3340
1553.305,    3335
1553.402,    3337
1553.496,    3313
1553.592,    3324
1553.688,    3340
1553.781,    3339
1553.878,    3326
1553.974,    3339
1554.068,    3307
1554.165,    3341
1554.259,    3350
1554.353,    3360
1554.450,    3313
1554.545,    3355
1554.639,    3314
1554.736,    3334
1554.829,    3342
1554.925,    3368
1555.020,    3323
1555.114,    3359
1555.209,    3320
1555.304,    3344
1555.397,    3350
1555.493,    3350
1555.588,    3327
1555.682,    3347
1555.778,    3322
1555.872,    3365
1555.967,    3329
1556.063,    3361
1556.156,    3332
1556.250,    3350
1556.345,    3343
1556.438,    3337
1556.532,    3315
1556.627,    3337
1556.721,    3313
1556.816,    3329
1556.910,    3321
1557.003,    3326
1557.099,    3324
1557.193,    3329
1557.286,    3327
1557.381,    3333
1557.475,    3332
1557.569,    3343
1557.663,    3337
1557.756,    3321
1557.850,    3321
1557.945,    3314
1558.038,    3299
1558.132,    3305
1558.226,    3328
1558.318,    3325
1558.412,    3309
1558.507,    3300
1558.599,    3306
1558.694,    3322
1558.788,    3305
1558.880,    3304
1558.975,    3301
1559.068,    3301
1559.161,    3305
1559.255,    3294
1559.347,    3305
1559.440,    3307
1559.534,    3274
1559.626,    3308
1559.720,    3281
1559.813,    3296
1559.906,    3290
1559.999,    3281
1560.093,    3299
1560.185,    3289
1560.278,    3271
1560.372,    3286
1560.464,    3292
1560.557,    3277
1560.650,    3277
1560.742,    3283
1560.836,    3286
1560.929,    3279
1561.020,    3281
1561.113,    3302
1561.206,    3284
1561.298,    3276
1561.391,    3277
1561.483,    3294
1561.575,    3267
1561.669,    3275
1561.761,    3275
1561.853,    3293
1561.946,    3271
1562.038,    3290
1562.130,    3263
1562.223,    3297
1562.314,    3272
1562.406,    3300
1562.498,    3272
1562.590,    3284
1562.682,    3276
1562.774,    3311
1562.867,    3290
1562.959,    3304
1563.051,    3283
1563.143,    3314
1563.234,    3286
1563.326,    3314
1563.418,    3308
1563.509,    3318
1563.600,    3295
1563.693,    3322
1563.785,    3322
1563.876,    3332
1563.968,    3309
1564.059,    3321
1564.151,    3314
1564.242,    3307
1564.332,    3314
1564.424,    3338
1564.516,    3298
1564.607,    3314
1564.699,    3317
1564.790,    3303
1564.881,    3291
1564.973,    3315
1565.064,    3310
1565.154,    3311
1565.246,    3316
1565.337,    3307
1565.427,    3313
1565.518,    3318
1565.609,    3303
1565.699,    3307
1565.791,    3281
1565.882,    3316
1565.972,    3283
1566.064,    3312
1566.155,    3304
1566.244,    3296
1566.335,    3301
1566.425,    3304
1566.515,    3279
1566.607,    3281
1566.697,    3288
1566.788,    3289
1566.879,    3282
1566.969,    3304
1567.059,    3288
1567.150,    3301
1567.240,    3290
1567.329,    3293
1567.420,    3289
1567.510,    3290
1567.600,    3288
1567.690,    3302
1567.780,    3286
1567.870,    3291
1567.961,    3281
1568.050,    3283
1568.141,    3283
1568.231,    3271
1568.320,    3269
1568.410,    3289
1568.500,    3263
1568.590,    3284
1568.678,    3274
1568.768,    3266
1568.858,    3266
1568.948,    3268
1569.038,    3270
1569.127,    3273
1569.216,    3246
1569.305,    3277
1569.395,    3250
1569.485,    3268
1569.575,    3250
1569.665,    3277
1569.754,    3244
1569.843,    3247
1569.932,    3257
1570.021,    3256
1570.109,    3235
1570.199,    3274
1570.287,    3248
1570.377,    3256
1570.466,    3257
1570.555,    3281
2014_11_24 18_50_02
第1组数据：
Peak Count: 2
Peak#, Peak Pixel, Peak Power
01, 1542.467, 4317.550
02, 1543.271, 65870.823
2014_11_24 18_50_02
2014_11_24 18_50_02
0
2014_11_24 18_50_04
第1组数据：
Peak Count: 2
Peak#, Peak Pixel, Peak Power
01, 1542.470, 4292.336
02, 1543.271, 65870.823
2014_11_24 18_50_04
2014_11_24 18_50_04
0
2014_11_24 18_50_05
第1组数据：
Peak Count: 2
Peak#, Peak Pixel, Peak Power
01, 1542.468, 4282.890
02, 1543.271, 65870.823
2014_11_24 18_50_05
2014_11_24 18_50_05
0
2014_11_24 18_50_06
第1组数据：
Peak Count: 2
Peak#, Peak Pixel, Peak Power
01, 1542.471, 4325.749
02, 1543.271, 65870.823
2014_11_24 18_50_06
2014_11_24 18_50_06
0
2014_11_24 18_50_07
第1组数据：
Peak Count: 2
Peak#, Peak Pixel, Peak Power
01, 1542.469, 4304.879
02, 1543.271, 65870.823
2014_11_24 18_50_07
2014_11_24 18_50_07
0
2014_11_24 18_50_07
第1组数据：
Peak Count: 2
Peak#, Peak Pixel, Peak Power
01, 1542.469, 4266.118
02, 1543.271, 65870.823
2014_11_24 18_50_07
2014_11_24 18_50_07
0
2014_11_24 18_50_08
第1组数据：
Peak Count: 2
Peak#, Peak Pixel, Peak Power
01, 1542.473, 4298.983
02, 1543.271, 65870.823
2014_11_24 18_50_08
2014_11_24 18_50_08
0
2014_11_24 18_50_09
第1组数据：
Peak Count: 2
Peak#, Peak Pixel, Peak Power
01, 1542.471, 4319.360
02, 1543.271, 65869.958
2014_11_24 18_50_09
2014_11_24 18_50_09
0
2014_11_24 18_50_09
第1组数据：
Peak Count: 2
Peak#, Peak Pixel, Peak Power
01, 1542.471, 4278.867
02, 1543.271, 65870.823
2014_11_24 18_50_09
2014_11_24 18_50_10
1
2014_11_24 18_50_10
第1组数据：
Peak Count: 2
Peak#, Peak Pixel, Peak Power
01, 1542.469, 4315.952
02, 1543.271, 65869.958
2014_11_24 18_50_10
2014_11_24 18_50_10
0
2014_11_24 18_50_10
第1组数据：
Peak Count: 2
Peak#, Peak Pixel, Peak Power
01, 1542.475, 4272.995
02, 1543.271, 65869.958
2014_11_24 18_50_10
2014_11_24 18_50_11
1
2014_11_24 18_50_11
第1组数据：
Peak Count: 2
Peak#, Peak Pixel, Peak Power
01, 1542.470, 4290.151
02, 1543.271, 65869.958
2014_11_24 18_50_11
2014_11_24 18_50_11
0
2014_11_24 18_50_11
第1组数据：
Peak Count: 2
Peak#, Peak Pixel, Peak Power
01, 1542.470, 4244.010
02, 1543.271, 65869.958
2014_11_24 18_50_11
2014_11_24 18_50_11
0
2014_11_24 18_50_11
第1组数据：
Peak Count: 2
Peak#, Peak Pixel, Peak Power
01, 1542.468, 4289.634
02, 1543.271, 65869.958
2014_11_24 18_50_11
2014_11_24 18_50_12
1
2014_11_24 18_50_12
第1组数据：
Peak Count: 2
Peak#, Peak Pixel, Peak Power
01, 1542.472, 4267.226
02, 1543.271, 65869.958
2014_11_24 18_50_12
2014_11_24 18_50_12
0
2014_11_24 18_50_12
第1组数据：
Peak Count: 2
Peak#, Peak Pixel, Peak Power
01, 1542.472, 4313.174
02, 1543.271, 65869.958
2014_11_24 18_50_12
2014_11_24 18_50_12
0
2014_11_24 18_50_12
第1组数据：
Peak Count: 2
Peak#, Peak Pixel, Peak Power
01, 1542.472, 4301.897
02, 1543.271, 65869.958
2014_11_24 18_50_12
2014_11_24 18_50_12
0
2014_11_24 18_50_12
第1组数据：
Peak Count: 2
Peak#, Peak Pixel, Peak Power
01, 1542.475, 4294.346
02, 1543.271, 65869.958
2014_11_24 18_50_12
2014_11_24 18_50_12
0
2014_11_24 18_50_13
第1组数据：
Peak Count: 2
Peak#, Peak Pixel, Peak Power
01, 1542.473, 4283.429
02, 1543.271, 65869.958
2014_11_24 18_50_13
2014_11_24 18_50_13
0
