Integration Time: 500 us
Line Rate: 1600 Hz
Load Calibration Data Successfully
Pixel,  Wavelength(nm)
000,   1520.4162
001,   1520.5234
002,   1520.6307
003,   1520.7381
004,   1520.8466
005,   1520.9526
006,   1521.0617
007,   1521.1669
008,   1521.2751
009,   1521.3834
010,   1521.4898
011,   1521.5977
012,   1521.7036
013,   1521.8107
014,   1521.9183
015,   1522.0244
016,   1522.1326
017,   1522.2385
018,   1522.3466
019,   1522.4520
020,   1522.5592
021,   1522.6653
022,   1522.7726
023,   1522.8791
024,   1522.9852
025,   1523.0929
026,   1523.1987
027,   1523.3057
028,   1523.4124
029,   1523.5178
030,   1523.6252
031,   1523.7291
032,   1523.8361
033,   1523.9424
034,   1524.0478
035,   1524.1564
036,   1524.2603
037,   1524.3675
038,   1524.4737
039,   1524.5791
040,   1524.6873
041,   1524.7906
042,   1524.8972
043,   1525.0028
044,   1525.1087
045,   1525.2150
046,   1525.3188
047,   1525.4260
048,   1525.5321
049,   1525.6371
050,   1525.7434
051,   1525.8483
052,   1525.9554
053,   1526.0596
054,   1526.1647
055,   1526.2702
056,   1526.3753
057,   1526.4820
058,   1526.5856
059,   1526.6913
060,   1526.7976
061,   1526.9027
062,   1527.0087
063,   1527.1118
064,   1527.2176
065,   1527.3225
066,   1527.4273
067,   1527.5329
068,   1527.6368
069,   1527.7429
070,   1527.8472
071,   1527.9520
072,   1528.0578
073,   1528.1611
074,   1528.2670
075,   1528.3714
076,   1528.4761
077,   1528.5812
078,   1528.6838
079,   1528.7904
080,   1528.8946
081,   1528.9991
082,   1529.1040
083,   1529.2069
084,   1529.3126
085,   1529.4162
086,   1529.5204
087,   1529.6252
088,   1529.7284
089,   1529.8340
090,   1529.9376
091,   1530.0418
092,   1530.1470
093,   1530.2495
094,   1530.3547
095,   1530.4581
096,   1530.5610
097,   1530.6650
098,   1530.7680
099,   1530.8726
100,   1530.9763
101,   1531.0800
102,   1531.1845
103,   1531.2869
104,   1531.3921
105,   1531.4954
106,   1531.5987
107,   1531.7023
108,   1531.8046
109,   1531.9091
110,   1532.0124
111,   1532.1156
112,   1532.2196
113,   1532.3216
114,   1532.4255
115,   1532.5290
116,   1532.6331
117,   1532.7364
118,   1532.8375
119,   1532.9412
120,   1533.0444
121,   1533.1478
122,   1533.2518
123,   1533.3528
124,   1533.4567
125,   1533.5598
126,   1533.6617
127,   1533.7666
128,   1533.8673
129,   1533.9701
130,   1534.0726
131,   1534.1742
132,   1534.2792
133,   1534.3811
134,   1534.4834
135,   1534.5867
136,   1534.6883
137,   1534.7917
138,   1534.8932
139,   1534.9952
140,   1535.0983
141,   1535.1991
142,   1535.3024
143,   1535.4048
144,   1535.5068
145,   1535.6101
146,   1535.7108
147,   1535.8138
148,   1535.9167
149,   1536.0173
150,   1536.1202
151,   1536.2210
152,   1536.3225
153,   1536.4250
154,   1536.5260
155,   1536.6292
156,   1536.7307
157,   1536.8324
158,   1536.9345
159,   1537.0353
160,   1537.1370
161,   1537.2385
162,   1537.3392
163,   1537.4417
164,   1537.5425
165,   1537.6441
166,   1537.7456
167,   1537.8460
168,   1537.9489
169,   1538.0494
170,   1538.1513
171,   1538.2524
172,   1538.3523
173,   1538.4539
174,   1538.5554
175,   1538.6567
176,   1538.7581
177,   1538.8582
178,   1538.9591
179,   1539.0600
180,   1539.1607
181,   1539.2623
182,   1539.3624
183,   1539.4635
184,   1539.5644
185,   1539.6638
186,   1539.7657
187,   1539.8664
188,   1539.9670
189,   1540.0683
190,   1540.1678
191,   1540.2691
192,   1540.3693
193,   1540.4680
194,   1540.5694
195,   1540.6690
196,   1540.7694
197,   1540.8704
198,   1540.9689
199,   1541.0699
200,   1541.1710
201,   1541.2699
202,   1541.3712
203,   1541.4706
204,   1541.5708
205,   1541.6713
206,   1541.7690
207,   1541.8701
208,   1541.9696
209,   1542.0696
210,   1542.1706
211,   1542.2690
212,   1542.3695
213,   1542.4695
214,   1542.5673
215,   1542.6681
216,   1542.7680
217,   1542.8665
218,   1542.9671
219,   1543.0654
220,   1543.1657
221,   1543.2658
222,   1543.3631
223,   1543.4636
224,   1543.5628
225,   1543.6609
226,   1543.7608
227,   1543.8588
228,   1543.9582
229,   1544.0578
230,   1544.1556
231,   1544.2555
232,   1544.3553
233,   1544.4531
234,   1544.5530
235,   1544.6513
236,   1544.7496
237,   1544.8490
238,   1544.9463
239,   1545.0455
240,   1545.1449
241,   1545.2421
242,   1545.3423
243,   1545.4404
244,   1545.5391
245,   1545.6384
246,   1545.7356
247,   1545.8342
248,   1545.9332
249,   1546.0301
250,   1546.1288
251,   1546.2269
252,   1546.3249
253,   1546.4245
254,   1546.5212
255,   1546.6194
256,   1546.7186
257,   1546.8151
258,   1546.9123
259,   1547.0111
260,   1547.1080
261,   1547.2075
262,   1547.3045
263,   1547.4020
264,   1547.5013
265,   1547.5972
266,   1547.6951
267,   1547.7934
268,   1547.8895
269,   1547.9878
270,   1548.0852
271,   1548.1824
272,   1548.2811
273,   1548.3781
274,   1548.4753
275,   1548.5736
276,   1548.6698
277,   1548.7673
278,   1548.8655
279,   1548.9612
280,   1549.0588
281,   1549.1560
282,   1549.2525
283,   1549.3502
284,   1549.4465
285,   1549.5440
286,   1549.6413
287,   1549.7368
288,   1549.8350
289,   1549.9323
290,   1550.0275
291,   1550.1244
292,   1550.2214
293,   1550.3177
294,   1550.4146
295,   1550.5107
296,   1550.6074
297,   1550.7053
298,   1550.8003
299,   1550.8964
300,   1550.9937
301,   1551.0887
302,   1551.1855
303,   1551.2824
304,   1551.3781
305,   1551.4753
306,   1551.5711
307,   1551.6671
308,   1551.7644
309,   1551.8597
310,   1551.9555
311,   1552.0522
312,   1552.1465
313,   1552.2425
314,   1552.3392
315,   1552.4339
316,   1552.5307
317,   1552.6266
318,   1552.7219
319,   1552.8190
320,   1552.9145
321,   1553.0103
322,   1553.1060
323,   1553.2001
324,   1553.2952
325,   1553.3919
326,   1553.4857
327,   1553.5818
328,   1553.6777
329,   1553.7716
330,   1553.8677
331,   1553.9636
332,   1554.0586
333,   1554.1548
334,   1554.2488
335,   1554.3435
336,   1554.4405
337,   1554.5346
338,   1554.6295
339,   1554.7258
340,   1554.8194
341,   1554.9147
342,   1555.0105
343,   1555.1038
344,   1555.1995
345,   1555.2943
346,   1555.3874
347,   1555.4829
348,   1555.5781
349,   1555.6723
350,   1555.7683
351,   1555.8623
352,   1555.9571
353,   1556.0531
354,   1556.1458
355,   1556.2402
356,   1556.3350
357,   1556.4284
358,   1556.5226
359,   1556.6173
360,   1556.7107
361,   1556.8060
362,   1556.9001
363,   1556.9933
364,   1557.0888
365,   1557.1829
366,   1557.2760
367,   1557.3714
368,   1557.4651
369,   1557.5587
370,   1557.6533
371,   1557.7460
372,   1557.8401
373,   1557.9354
374,   1558.0279
375,   1558.1220
376,   1558.2162
377,   1558.3081
378,   1558.4020
379,   1558.4968
380,   1558.5891
381,   1558.6839
382,   1558.7780
383,   1558.8701
384,   1558.9648
385,   1559.0584
386,   1559.1510
387,   1559.2450
388,   1559.3372
389,   1559.4297
390,   1559.5237
391,   1559.6161
392,   1559.7097
393,   1559.8034
394,   1559.8957
395,   1559.9892
396,   1560.0831
397,   1560.1755
398,   1560.2682
399,   1560.3617
400,   1560.4540
401,   1560.5474
402,   1560.6402
403,   1560.7320
404,   1560.8259
405,   1560.9189
406,   1561.0104
407,   1561.1034
408,   1561.1962
409,   1561.2878
410,   1561.3806
411,   1561.4729
412,   1561.5653
413,   1561.6586
414,   1561.7508
415,   1561.8427
416,   1561.9358
417,   1562.0281
418,   1562.1203
419,   1562.2127
420,   1562.3044
421,   1562.3961
422,   1562.4884
423,   1562.5803
424,   1562.6725
425,   1562.7644
426,   1562.8571
427,   1562.9488
428,   1563.0413
429,   1563.1331
430,   1563.2242
431,   1563.3158
432,   1563.4077
433,   1563.4990
434,   1563.5904
435,   1563.6829
436,   1563.7748
437,   1563.8663
438,   1563.9577
439,   1564.0489
440,   1564.1409
441,   1564.2323
442,   1564.3225
443,   1564.4144
444,   1564.5064
445,   1564.5971
446,   1564.6886
447,   1564.7802
448,   1564.8711
449,   1564.9630
450,   1565.0537
451,   1565.1446
452,   1565.2363
453,   1565.3269
454,   1565.4171
455,   1565.5084
456,   1565.5994
457,   1565.6894
458,   1565.7815
459,   1565.8716
460,   1565.9624
461,   1566.0542
462,   1566.1447
463,   1566.2343
464,   1566.3255
465,   1566.4154
466,   1566.5053
467,   1566.5972
468,   1566.6873
469,   1566.7778
470,   1566.8690
471,   1566.9588
472,   1567.0493
473,   1567.1403
474,   1567.2296
475,   1567.3195
476,   1567.4105
477,   1567.4995
478,   1567.5896
479,   1567.6803
480,   1567.7704
481,   1567.8603
482,   1567.9507
483,   1568.0404
484,   1568.1306
485,   1568.2208
486,   1568.3104
487,   1568.4001
488,   1568.4898
489,   1568.5797
490,   1568.6685
491,   1568.7581
492,   1568.8482
493,   1568.9380
494,   1569.0278
495,   1569.1170
496,   1569.2057
497,   1569.2953
498,   1569.3855
499,   1569.4750
500,   1569.5647
501,   1569.6547
502,   1569.7436
503,   1569.8326
504,   1569.9218
505,   1570.0107
506,   1570.0992
507,   1570.1891
508,   1570.2775
509,   1570.3667
510,   1570.4557
511,   1570.5447
Case Temperature: 28.992
Wavelength, Intensity
1520.418,    3083
1520.525,    3374
1520.632,    3373
1520.739,    3408
1520.848,    3361
1520.954,    3405
1521.063,    3381
1521.168,    3408
1521.276,    3382
1521.385,    3406
1521.491,    3385
1521.599,    3397
1521.705,    3382
1521.812,    3375
1521.920,    3376
1522.026,    3408
1522.134,    3385
1522.240,    3379
1522.348,    3388
1522.453,    3414
1522.561,    3385
1522.667,    3386
1522.774,    3374
1522.881,    3391
1522.987,    3374
1523.094,    3372
1523.200,    3381
1523.307,    3381
1523.414,    3368
1523.519,    3366
1523.627,    3365
1523.730,    3380
1523.838,    3378
1523.944,    3380
1524.049,    3371
1524.158,    3388
1524.262,    3343
1524.369,    3403
1524.475,    3386
1524.581,    3387
1524.689,    3344
1524.792,    3381
1524.899,    3379
1525.004,    3388
1525.110,    3373
1525.216,    3371
1525.320,    3381
1525.427,    3395
1525.534,    3367
1525.638,    3368
1525.745,    3371
1525.850,    3397
1525.957,    3365
1526.061,    3376
1526.166,    3360
1526.272,    3374
1526.377,    3355
1526.483,    3358
1526.587,    3365
1526.693,    3378
1526.799,    3356
1526.904,    3390
1527.010,    3355
1527.113,    3378
1527.219,    3374
1527.324,    3363
1527.429,    3362
1527.534,    3372
1527.638,    3377
1527.744,    3378
1527.849,    3375
1527.953,    3379
1528.059,    3377
1528.162,    3383
1528.268,    3360
1528.373,    3369
1528.478,    3361
1528.583,    3386
1528.685,    3367
1528.792,    3363
1528.896,    3381
1529.001,    3381
1529.105,    3380
1529.208,    3386
1529.314,    3359
1529.418,    3365
1529.522,    3351
1529.627,    3390
1529.730,    3360
1529.835,    3385
1529.939,    3362
1530.043,    3408
1530.148,    3383
1530.251,    3389
1530.356,    3372
1530.460,    3400
1530.562,    3385
1530.666,    3410
1530.769,    3377
1530.874,    3399
1530.978,    3376
1531.081,    3392
1531.186,    3378
1531.288,    3400
1531.394,    3398
1531.497,    3382
1531.600,    3375
1531.704,    3371
1531.806,    3384
1531.910,    3399
1532.014,    3375
1532.117,    3381
1532.221,    3376
1532.323,    3371
1532.427,    3384
1532.530,    3387
1532.635,    3391
1532.738,    3369
1532.839,    3377
1532.943,    3387
1533.046,    3389
1533.149,    3396
1533.253,    3368
1533.354,    3397
1533.458,    3426
1533.561,    3410
1533.663,    3391
1533.768,    3394
1533.869,    3377
1533.972,    3378
1534.074,    3386
1534.176,    3433
1534.281,    3386
1534.382,    3379
1534.485,    3356
1534.588,    3388
1534.690,    3377
1534.793,    3390
1534.895,    3357
1534.997,    3377
1535.100,    3350
1535.200,    3372
1535.304,    3344
1535.406,    3375
1535.508,    3352
1535.611,    3374
1535.712,    3341
1535.815,    3374
1535.918,    3360
1536.019,    3370
1536.122,    3355
1536.222,    3380
1536.324,    3371
1536.426,    3374
1536.527,    3376
1536.631,    3374
1536.732,    3383
1536.834,    3378
1536.936,    3387
1537.037,    3417
1537.138,    3402
1537.240,    3394
1537.341,    3383
1537.443,    3388
1537.544,    3376
1537.646,    3409
1537.747,    3375
1537.847,    3406
1537.950,    3380
1538.051,    3396
1538.153,    3407
1538.254,    3431
1538.354,    3405
1538.455,    3408
1538.557,    3393
1538.658,    3395
1538.760,    3361
1538.860,    3383
1538.961,    3385
1539.061,    3380
1539.162,    3382
1539.264,    3392
1539.364,    3387
1539.465,    3402
1539.566,    3399
1539.665,    3423
1539.767,    3420
1539.868,    3421
1539.968,    3412
1540.070,    3420
1540.169,    3435
1540.271,    3435
1540.371,    3427
1540.469,    3491
1540.571,    3444
1540.670,    3435
1540.771,    3484
1540.872,    3662
1540.970,    3641
1541.071,    3509
1541.172,    3487
1541.271,    3484
1541.373,    3523
1541.472,    3540
1541.572,    3540
1541.673,    3515
1541.770,    3516
1541.872,    3505
1541.971,    3526
1542.071,    3589
1542.172,    3712
1542.270,    4071
1542.371,    4564
1542.471,    4797
1542.569,    4579
1542.670,    5378
1542.769,    6652
1542.868,    7013
1542.968,    8958
1543.067,    29068
1543.167,    64539
1543.267,    65877
1543.365,    64190
1543.465,    66036
1543.564,    16605
1543.662,    8649
1543.762,    4869
1543.860,    4265
1543.960,    3981
1544.059,    3875
1544.157,    3804
1544.257,    3690
1544.357,    3636
1544.455,    3586
1544.554,    3524
1544.653,    3483
1544.751,    3482
1544.850,    3500
1544.948,    3537
1545.047,    3539
1545.146,    3537
1545.243,    3502
1545.344,    3472
1545.442,    3428
1545.541,    3446
1545.640,    3623
1545.737,    3581
1545.836,    3492
1545.935,    3457
1546.031,    3433
1546.130,    3418
1546.228,    3426
1546.326,    3411
1546.426,    3384
1546.523,    3356
1546.621,    3401
1546.720,    3404
1546.816,    3407
1546.914,    3388
1547.013,    3391
1547.109,    3378
1547.209,    3401
1547.306,    3380
1547.403,    3416
1547.503,    3377
1547.599,    3413
1547.697,    3371
1547.795,    3365
1547.891,    3366
1547.989,    3376
1548.087,    3362
1548.184,    3381
1548.282,    3370
1548.380,    3409
1548.477,    3399
1548.575,    3366
1548.671,    3338
1548.769,    3356
1548.867,    3352
1548.963,    3361
1549.060,    3365
1549.157,    3365
1549.254,    3355
1549.352,    3368
1549.448,    3368
1549.545,    3374
1549.643,    3347
1549.738,    3363
1549.836,    3330
1549.934,    3347
1550.029,    3336
1550.126,    3332
1550.223,    3339
1550.319,    3359
1550.416,    3322
1550.512,    3359
1550.609,    3335
1550.707,    3348
1550.802,    3332
1550.898,    3352
1550.995,    3336
1551.090,    3342
1551.187,    3338
1551.284,    3360
1551.379,    3344
1551.477,    3349
1551.572,    3323
1551.669,    3336
1551.766,    3330
1551.861,    3356
1551.957,    3354
1552.054,    3337
1552.148,    3327
1552.244,    3338
1552.341,    3342
1552.435,    3361
1552.532,    3339
1552.628,    3358
1552.723,    3317
1552.820,    3358
1552.916,    3335
1553.012,    3328
1553.107,    3332
1553.201,    3359
1553.297,    3348
1553.393,    3336
1553.487,    3309
1553.583,    3328
1553.679,    3326
1553.773,    3330
1553.869,    3320
1553.965,    3329
1554.060,    3286
1554.156,    3305
1554.250,    3318
1554.345,    3326
1554.442,    3309
1554.536,    3321
1554.631,    3284
1554.727,    3299
1554.821,    3308
1554.916,    3311
1555.012,    3292
1555.105,    3315
1555.201,    3300
1555.296,    3302
1555.389,    3313
1555.484,    3299
1555.579,    3307
1555.674,    3303
1555.770,    3304
1555.864,    3328
1555.959,    3302
1556.054,    3321
1556.147,    3284
1556.242,    3304
1556.336,    3290
1556.430,    3321
1556.524,    3289
1556.619,    3300
1556.712,    3295
1556.807,    3299
1556.901,    3309
1556.995,    3311
1557.090,    3297
1557.184,    3313
1557.277,    3305
1557.373,    3318
1557.467,    3304
1557.560,    3314
1557.655,    3296
1557.747,    3310
1557.841,    3299
1557.937,    3312
1558.029,    3295
1558.123,    3292
1558.218,    3282
1558.310,    3305
1558.403,    3284
1558.498,    3306
1558.591,    3308
1558.685,    3324
1558.779,    3283
1558.872,    3298
1558.966,    3298
1559.060,    3316
1559.152,    3295
1559.246,    3296
1559.339,    3287
1559.431,    3306
1559.525,    3295
1559.618,    3321
1559.711,    3294
1559.805,    3308
1559.897,    3286
1559.991,    3308
1560.084,    3308
1560.177,    3304
1560.270,    3297
1560.363,    3311
1560.455,    3290
1560.549,    3333
1560.642,    3294
1560.733,    3325
1560.827,    3299
1560.920,    3314
1561.012,    3304
1561.105,    3313
1561.198,    3316
1561.289,    3321
1561.382,    3290
1561.474,    3316
1561.567,    3299
1561.660,    3310
1561.752,    3288
1561.844,    3311
1561.937,    3286
1562.030,    3307
1562.122,    3307
1562.214,    3299
1562.306,    3278
1562.397,    3295
1562.490,    3284
1562.582,    3289
1562.674,    3289
1562.766,    3298
1562.859,    3271
1562.950,    3292
1563.043,    3284
1563.135,    3293
1563.226,    3281
1563.317,    3285
1563.409,    3291
1563.500,    3265
1563.592,    3281
1563.684,    3290
1563.776,    3281
1563.868,    3287
1563.959,    3278
1564.050,    3282
1564.142,    3266
1564.234,    3281
1564.324,    3267
1564.416,    3265
1564.508,    3275
1564.598,    3274
1564.690,    3264
1564.782,    3283
1564.872,    3275
1564.964,    3251
1565.055,    3260
1565.146,    3281
1565.238,    3285
1565.328,    3271
1565.419,    3254
1565.510,    3287
1565.601,    3268
1565.691,    3284
1565.783,    3277
1565.873,    3286
1565.964,    3256
1566.056,    3282
1566.146,    3276
1566.236,    3284
1566.327,    3271
1566.417,    3266
1566.507,    3268
1566.599,    3275
1566.689,    3274
1566.779,    3272
1566.870,    3271
1566.960,    3271
1567.051,    3265
1567.142,    3259
1567.231,    3267
1567.321,    3289
1567.412,    3272
1567.501,    3284
1567.591,    3257
1567.682,    3289
1567.772,    3270
1567.862,    3273
1567.952,    3258
1568.042,    3281
1568.132,    3271
1568.222,    3272
1568.312,    3266
1568.402,    3320
1568.491,    3270
1568.581,    3296
1568.670,    3275
1568.759,    3292
1568.850,    3298
1568.939,    3303
1569.029,    3305
1569.118,    3297
1569.207,    3267
1569.297,    3303
1569.387,    3283
1569.476,    3302
1569.566,    3284
1569.656,    3298
1569.745,    3287
1569.834,    3303
1569.923,    3295
1570.012,    3302
1570.101,    3286
1570.191,    3285
1570.279,    3278
1570.368,    3292
1570.457,    3267
1570.546,    3276
2014_11_24 18_48_33
第1组数据：
Peak Count: 3
Peak#, Peak Pixel, Peak Power
01, 1542.464, 4799.031
02, 1543.260, 65882.233
03, 1543.415, 75435.331
2014_11_24 18_48_33
2014_11_24 18_48_33
0
2014_11_24 18_48_39
第1组数据：
Peak Count: 3
Peak#, Peak Pixel, Peak Power
01, 1542.466, 4783.276
02, 1543.260, 65881.344
03, 1543.415, 75474.589
2014_11_24 18_48_39
2014_11_24 18_48_39
0
2014_11_24 18_48_41
第1组数据：
Peak Count: 3
Peak#, Peak Pixel, Peak Power
01, 1542.465, 4803.550
02, 1543.260, 65880.458
03, 1543.415, 75490.703
2014_11_24 18_48_41
2014_11_24 18_48_41
0
2014_11_24 18_48_42
第1组数据：
Peak Count: 3
Peak#, Peak Pixel, Peak Power
01, 1542.464, 4777.265
02, 1543.260, 65880.458
03, 1543.415, 75486.290
2014_11_24 18_48_42
2014_11_24 18_48_42
0
2014_11_24 18_48_43
第1组数据：
Peak Count: 3
Peak#, Peak Pixel, Peak Power
01, 1542.464, 4766.019
02, 1543.260, 65880.458
03, 1543.415, 75495.921
2014_11_24 18_48_43
2014_11_24 18_48_43
0
2014_11_24 18_48_44
第1组数据：
Peak Count: 3
Peak#, Peak Pixel, Peak Power
01, 1542.465, 4787.261
02, 1543.260, 65880.458
03, 1543.415, 75508.377
2014_11_24 18_48_44
2014_11_24 18_48_44
0
2014_11_24 18_48_45
第1组数据：
Peak Count: 3
Peak#, Peak Pixel, Peak Power
01, 1542.465, 4813.707
02, 1543.260, 65880.458
03, 1543.415, 75506.769
2014_11_24 18_48_45
2014_11_24 18_48_45
0
2014_11_24 18_48_46
第1组数据：
Peak Count: 3
Peak#, Peak Pixel, Peak Power
01, 1542.465, 4799.502
02, 1543.260, 65880.458
03, 1543.415, 75505.965
2014_11_24 18_48_46
2014_11_24 18_48_46
0
2014_11_24 18_48_47
第1组数据：
Peak Count: 3
Peak#, Peak Pixel, Peak Power
01, 1542.463, 4778.428
02, 1543.260, 65880.458
03, 1543.415, 75514.411
2014_11_24 18_48_47
2014_11_24 18_48_47
0
2014_11_24 18_48_48
第1组数据：
Peak Count: 3
Peak#, Peak Pixel, Peak Power
01, 1542.463, 4777.418
02, 1543.260, 65879.573
03, 1543.415, 75525.348
2014_11_24 18_48_48
2014_11_24 18_48_48
0
