Pixel,  Wavelength(nm)
000,   1520.4310
001,   1520.5382
002,   1520.6455
003,   1520.7529
004,   1520.8615
005,   1520.9675
006,   1521.0766
007,   1521.1817
008,   1521.2899
009,   1521.3983
010,   1521.5046
011,   1521.6127
012,   1521.7184
013,   1521.8256
014,   1521.9332
015,   1522.0393
016,   1522.1475
017,   1522.2534
018,   1522.3615
019,   1522.4669
020,   1522.5741
021,   1522.6802
022,   1522.7874
023,   1522.8940
024,   1523.0000
025,   1523.1077
026,   1523.2135
027,   1523.3205
028,   1523.4273
029,   1523.5327
030,   1523.6401
031,   1523.7439
032,   1523.8510
033,   1523.9572
034,   1524.0626
035,   1524.1712
036,   1524.2752
037,   1524.3824
038,   1524.4886
039,   1524.5939
040,   1524.7021
041,   1524.8055
042,   1524.9121
043,   1525.0177
044,   1525.1235
045,   1525.2299
046,   1525.3336
047,   1525.4409
048,   1525.5470
049,   1525.6519
050,   1525.7583
051,   1525.8631
052,   1525.9703
053,   1526.0744
054,   1526.1795
055,   1526.2850
056,   1526.3901
057,   1526.4969
058,   1526.6005
059,   1526.7061
060,   1526.8124
061,   1526.9175
062,   1527.0236
063,   1527.1267
064,   1527.2324
065,   1527.3374
066,   1527.4421
067,   1527.5478
068,   1527.6516
069,   1527.7577
070,   1527.8621
071,   1527.9668
072,   1528.0727
073,   1528.1759
074,   1528.2818
075,   1528.3862
076,   1528.4909
077,   1528.5960
078,   1528.6986
079,   1528.8052
080,   1528.9094
081,   1529.0139
082,   1529.1189
083,   1529.2217
084,   1529.3274
085,   1529.4310
086,   1529.5352
087,   1529.6401
088,   1529.7432
089,   1529.8488
090,   1529.9524
091,   1530.0566
092,   1530.1619
093,   1530.2643
094,   1530.3695
095,   1530.4729
096,   1530.5758
097,   1530.6798
098,   1530.7828
099,   1530.8874
100,   1530.9911
101,   1531.0948
102,   1531.1993
103,   1531.3017
104,   1531.4069
105,   1531.5102
106,   1531.6135
107,   1531.7171
108,   1531.8194
109,   1531.9239
110,   1532.0272
111,   1532.1303
112,   1532.2344
113,   1532.3364
114,   1532.4403
115,   1532.5438
116,   1532.6479
117,   1532.7512
118,   1532.8523
119,   1532.9560
120,   1533.0592
121,   1533.1626
122,   1533.2666
123,   1533.3676
124,   1533.4715
125,   1533.5746
126,   1533.6765
127,   1533.7814
128,   1533.8821
129,   1533.9849
130,   1534.0874
131,   1534.1890
132,   1534.2941
133,   1534.3959
134,   1534.4982
135,   1534.6015
136,   1534.7031
137,   1534.8065
138,   1534.9080
139,   1535.0100
140,   1535.1131
141,   1535.2139
142,   1535.3172
143,   1535.4197
144,   1535.5215
145,   1535.6249
146,   1535.7256
147,   1535.8286
148,   1535.9315
149,   1536.0321
150,   1536.1350
151,   1536.2358
152,   1536.3373
153,   1536.4398
154,   1536.5408
155,   1536.6440
156,   1536.7455
157,   1536.8471
158,   1536.9493
159,   1537.0501
160,   1537.1518
161,   1537.2533
162,   1537.3539
163,   1537.4565
164,   1537.5573
165,   1537.6589
166,   1537.7604
167,   1537.8608
168,   1537.9637
169,   1538.0642
170,   1538.1660
171,   1538.2672
172,   1538.3671
173,   1538.4687
174,   1538.5702
175,   1538.6714
176,   1538.7730
177,   1538.8730
178,   1538.9739
179,   1539.0748
180,   1539.1755
181,   1539.2771
182,   1539.3772
183,   1539.4783
184,   1539.5793
185,   1539.6786
186,   1539.7805
187,   1539.8812
188,   1539.9818
189,   1540.0831
190,   1540.1826
191,   1540.2839
192,   1540.3842
193,   1540.4828
194,   1540.5842
195,   1540.6838
196,   1540.7842
197,   1540.8852
198,   1540.9837
199,   1541.0847
200,   1541.1858
201,   1541.2847
202,   1541.3860
203,   1541.4854
204,   1541.5855
205,   1541.6861
206,   1541.7838
207,   1541.8849
208,   1541.9845
209,   1542.0844
210,   1542.1854
211,   1542.2838
212,   1542.3843
213,   1542.4843
214,   1542.5821
215,   1542.6829
216,   1542.7828
217,   1542.8813
218,   1542.9819
219,   1543.0802
220,   1543.1805
221,   1543.2807
222,   1543.3779
223,   1543.4784
224,   1543.5776
225,   1543.6757
226,   1543.7756
227,   1543.8736
228,   1543.9730
229,   1544.0726
230,   1544.1704
231,   1544.2703
232,   1544.3701
233,   1544.4679
234,   1544.5678
235,   1544.6661
236,   1544.7644
237,   1544.8638
238,   1544.9611
239,   1545.0603
240,   1545.1597
241,   1545.2569
242,   1545.3572
243,   1545.4552
244,   1545.5539
245,   1545.6533
246,   1545.7504
247,   1545.8490
248,   1545.9481
249,   1546.0449
250,   1546.1437
251,   1546.2418
252,   1546.3397
253,   1546.4393
254,   1546.5361
255,   1546.6342
256,   1546.7334
257,   1546.8299
258,   1546.9272
259,   1547.0259
260,   1547.1228
261,   1547.2223
262,   1547.3194
263,   1547.4168
264,   1547.5161
265,   1547.6121
266,   1547.7100
267,   1547.8082
268,   1547.9043
269,   1548.0027
270,   1548.1000
271,   1548.1972
272,   1548.2959
273,   1548.3930
274,   1548.4901
275,   1548.5884
276,   1548.6847
277,   1548.7822
278,   1548.8803
279,   1548.9760
280,   1549.0736
281,   1549.1708
282,   1549.2673
283,   1549.3650
284,   1549.4614
285,   1549.5589
286,   1549.6561
287,   1549.7517
288,   1549.8498
289,   1549.9472
290,   1550.0424
291,   1550.1392
292,   1550.2362
293,   1550.3325
294,   1550.4294
295,   1550.5255
296,   1550.6223
297,   1550.7202
298,   1550.8151
299,   1550.9113
300,   1551.0086
301,   1551.1035
302,   1551.2003
303,   1551.2972
304,   1551.3929
305,   1551.4901
306,   1551.5859
307,   1551.6819
308,   1551.7793
309,   1551.8745
310,   1551.9703
311,   1552.0671
312,   1552.1613
313,   1552.2574
314,   1552.3541
315,   1552.4487
316,   1552.5455
317,   1552.6415
318,   1552.7367
319,   1552.8339
320,   1552.9294
321,   1553.0251
322,   1553.1209
323,   1553.2149
324,   1553.3100
325,   1553.4068
326,   1553.5005
327,   1553.5966
328,   1553.6926
329,   1553.7864
330,   1553.8826
331,   1553.9785
332,   1554.0734
333,   1554.1697
334,   1554.2636
335,   1554.3583
336,   1554.4554
337,   1554.5495
338,   1554.6443
339,   1554.7407
340,   1554.8343
341,   1554.9296
342,   1555.0254
343,   1555.1187
344,   1555.2144
345,   1555.3092
346,   1555.4023
347,   1555.4978
348,   1555.5930
349,   1555.6872
350,   1555.7832
351,   1555.8772
352,   1555.9720
353,   1556.0680
354,   1556.1607
355,   1556.2551
356,   1556.3499
357,   1556.4433
358,   1556.5375
359,   1556.6322
360,   1556.7256
361,   1556.8209
362,   1556.9150
363,   1557.0082
364,   1557.1037
365,   1557.1978
366,   1557.2909
367,   1557.3863
368,   1557.4800
369,   1557.5736
370,   1557.6682
371,   1557.7609
372,   1557.8550
373,   1557.9503
374,   1558.0428
375,   1558.1369
376,   1558.2311
377,   1558.3230
378,   1558.4169
379,   1558.5117
380,   1558.6040
381,   1558.6988
382,   1558.7929
383,   1558.8850
384,   1558.9797
385,   1559.0733
386,   1559.1659
387,   1559.2599
388,   1559.3521
389,   1559.4446
390,   1559.5386
391,   1559.6310
392,   1559.7246
393,   1559.8183
394,   1559.9106
395,   1560.0041
396,   1560.0980
397,   1560.1904
398,   1560.2831
399,   1560.3766
400,   1560.4689
401,   1560.5623
402,   1560.6551
403,   1560.7469
404,   1560.8408
405,   1560.9338
406,   1561.0253
407,   1561.1183
408,   1561.2111
409,   1561.3027
410,   1561.3956
411,   1561.4878
412,   1561.5802
413,   1561.6735
414,   1561.7657
415,   1561.8576
416,   1561.9507
417,   1562.0431
418,   1562.1352
419,   1562.2276
420,   1562.3194
421,   1562.4110
422,   1562.5033
423,   1562.5953
424,   1562.6874
425,   1562.7793
426,   1562.8721
427,   1562.9637
428,   1563.0562
429,   1563.1481
430,   1563.2391
431,   1563.3307
432,   1563.4226
433,   1563.5139
434,   1563.6054
435,   1563.6978
436,   1563.7897
437,   1563.8813
438,   1563.9727
439,   1564.0638
440,   1564.1559
441,   1564.2473
442,   1564.3374
443,   1564.4294
444,   1564.5214
445,   1564.6120
446,   1564.7036
447,   1564.7952
448,   1564.8860
449,   1564.9780
450,   1565.0687
451,   1565.1595
452,   1565.2512
453,   1565.3419
454,   1565.4321
455,   1565.5234
456,   1565.6144
457,   1565.7044
458,   1565.7964
459,   1565.8866
460,   1565.9774
461,   1566.0692
462,   1566.1597
463,   1566.2493
464,   1566.3405
465,   1566.4304
466,   1566.5203
467,   1566.6121
468,   1566.7023
469,   1566.7928
470,   1566.8840
471,   1566.9737
472,   1567.0642
473,   1567.1553
474,   1567.2446
475,   1567.3344
476,   1567.4255
477,   1567.5145
478,   1567.6046
479,   1567.6953
480,   1567.7854
481,   1567.8753
482,   1567.9656
483,   1568.0554
484,   1568.1456
485,   1568.2357
486,   1568.3254
487,   1568.4151
488,   1568.5048
489,   1568.5947
490,   1568.6835
491,   1568.7730
492,   1568.8632
493,   1568.9530
494,   1569.0427
495,   1569.1320
496,   1569.2207
497,   1569.3102
498,   1569.4005
499,   1569.4900
500,   1569.5797
501,   1569.6698
502,   1569.7586
503,   1569.8476
504,   1569.9368
505,   1570.0257
506,   1570.1142
507,   1570.2041
508,   1570.2925
509,   1570.3817
510,   1570.4707
511,   1570.5597
Set Optical Switch Successfully!
Case Temperature: 29.942
Wavelength, Intensity
1520.432,    3076
1520.539,    3350
1520.646,    3358
1520.754,    3363
1520.862,    3334
1520.968,    3337
1521.077,    3347
1521.182,    3370
1521.291,    3348
1521.399,    3372
1521.505,    3345
1521.613,    3342
1521.719,    3341
1521.826,    3344
1521.934,    3361
1522.040,    3361
1522.148,    3351
1522.254,    3352
1522.362,    3364
1522.468,    3362
1522.575,    3350
1522.681,    3382
1522.788,    3338
1522.895,    3381
1523.001,    3364
1523.108,    3383
1523.214,    3358
1523.321,    3390
1523.428,    3364
1523.533,    3398
1523.641,    3351
1523.745,    3413
1523.852,    3389
1523.958,    3388
1524.063,    3373
1524.172,    3420
1524.276,    3373
1524.383,    3419
1524.489,    3407
1524.595,    3423
1524.703,    3404
1524.806,    3416
1524.913,    3407
1525.018,    3420
1525.124,    3397
1525.231,    3411
1525.334,    3389
1525.442,    3419
1525.548,    3407
1525.653,    3408
1525.759,    3388
1525.864,    3418
1525.971,    3404
1526.075,    3420
1526.180,    3405
1526.286,    3426
1526.391,    3397
1526.498,    3399
1526.601,    3388
1526.707,    3401
1526.813,    3390
1526.918,    3394
1527.024,    3389
1527.127,    3401
1527.233,    3391
1527.338,    3385
1527.443,    3400
1527.548,    3391
1527.652,    3415
1527.758,    3416
1527.863,    3397
1527.968,    3391
1528.073,    3407
1528.177,    3401
1528.283,    3395
1528.387,    3380
1528.492,    3396
1528.597,    3397
1528.699,    3376
1528.806,    3401
1528.910,    3393
1529.015,    3385
1529.120,    3397
1529.222,    3392
1529.328,    3383
1529.432,    3375
1529.536,    3371
1529.641,    3380
1529.744,    3373
1529.850,    3373
1529.953,    3364
1530.057,    3380
1530.163,    3380
1530.265,    3380
1530.370,    3363
1530.474,    3381
1530.576,    3365
1530.681,    3371
1530.783,    3375
1530.888,    3348
1530.992,    3354
1531.096,    3362
1531.200,    3351
1531.302,    3341
1531.408,    3342
1531.511,    3343
1531.614,    3351
1531.718,    3364
1531.820,    3364
1531.925,    3353
1532.028,    3352
1532.131,    3349
1532.235,    3344
1532.337,    3346
1532.441,    3358
1532.545,    3346
1532.649,    3345
1532.752,    3353
1532.853,    3368
1532.957,    3372
1533.060,    3343
1533.163,    3366
1533.267,    3362
1533.368,    3386
1533.472,    3373
1533.575,    3373
1533.677,    3364
1533.782,    3400
1533.883,    3353
1533.986,    3376
1534.088,    3382
1534.190,    3424
1534.295,    3395
1534.397,    3392
1534.499,    3369
1534.602,    3419
1534.704,    3377
1534.807,    3396
1534.909,    3391
1535.011,    3393
1535.114,    3360
1535.215,    3404
1535.318,    3392
1535.420,    3400
1535.522,    3393
1535.626,    3421
1535.726,    3379
1535.829,    3397
1535.932,    3391
1536.033,    3387
1536.136,    3379
1536.236,    3396
1536.338,    3382
1536.441,    3390
1536.542,    3392
1536.645,    3399
1536.746,    3377
1536.848,    3388
1536.950,    3398
1537.051,    3375
1537.152,    3391
1537.254,    3398
1537.355,    3403
1537.457,    3390
1537.558,    3392
1537.660,    3402
1537.761,    3384
1537.862,    3372
1537.964,    3375
1538.065,    3378
1538.167,    3386
1538.268,    3403
1538.368,    3374
1538.469,    3392
1538.571,    3369
1538.672,    3406
1538.774,    3382
1538.874,    3366
1538.975,    3369
1539.076,    3372
1539.176,    3379
1539.278,    3379
1539.378,    3381
1539.479,    3359
1539.580,    3375
1539.679,    3383
1539.781,    3371
1539.882,    3373
1539.983,    3377
1540.084,    3371
1540.183,    3387
1540.285,    3362
1540.385,    3366
1540.483,    3372
1540.585,    3367
1540.684,    3368
1540.785,    3385
1540.886,    3404
1540.984,    3391
1541.085,    3362
1541.186,    3377
1541.285,    3361
1541.387,    3368
1541.486,    3380
1541.586,    3355
1541.687,    3376
1541.784,    3356
1541.886,    3356
1541.985,    3370
1542.085,    3378
1542.186,    3407
1542.284,    3511
1542.385,    3617
1542.485,    3651
1542.583,    3581
1542.684,    3850
1542.783,    4127
1542.882,    4146
1542.983,    5281
1543.081,    11819
1543.181,    64492
1543.281,    65863
1543.379,    64258
1543.479,    22425
1543.578,    8242
1543.676,    4510
1543.776,    3704
1543.874,    3589
1543.974,    3501
1544.073,    3473
1544.171,    3469
1544.271,    3465
1544.371,    3432
1544.469,    3436
1544.568,    3414
1544.667,    3404
1544.765,    3400
1544.865,    3402
1544.962,    3411
1545.061,    3417
1545.160,    3409
1545.258,    3406
1545.358,    3396
1545.456,    3397
1545.555,    3380
1545.654,    3426
1545.751,    3408
1545.850,    3397
1545.949,    3402
1546.046,    3404
1546.144,    3391
1546.242,    3393
1546.340,    3385
1546.440,    3362
1546.537,    3356
1546.635,    3376
1546.734,    3382
1546.831,    3383
1546.928,    3357
1547.027,    3383
1547.123,    3374
1547.223,    3371
1547.320,    3374
1547.418,    3367
1547.517,    3365
1547.613,    3375
1547.711,    3372
1547.809,    3358
1547.905,    3367
1548.003,    3348
1548.101,    3363
1548.198,    3351
1548.297,    3346
1548.394,    3374
1548.491,    3356
1548.589,    3345
1548.685,    3343
1548.783,    3342
1548.881,    3339
1548.977,    3366
1549.074,    3334
1549.172,    3344
1549.268,    3337
1549.366,    3342
1549.462,    3325
1549.560,    3342
1549.657,    3332
1549.752,    3348
1549.851,    3336
1549.948,    3343
1550.043,    3330
1550.140,    3325
1550.237,    3328
1550.333,    3330
1550.430,    3303
1550.526,    3311
1550.623,    3300
1550.721,    3307
1550.816,    3313
1550.912,    3312
1551.009,    3304
1551.104,    3310
1551.201,    3283
1551.298,    3300
1551.394,    3300
1551.491,    3313
1551.587,    3291
1551.683,    3297
1551.780,    3300
1551.875,    3334
1551.971,    3317
1552.068,    3302
1552.162,    3303
1552.258,    3320
1552.355,    3297
1552.449,    3309
1552.546,    3300
1552.642,    3332
1552.737,    3305
1552.835,    3326
1552.930,    3321
1553.026,    3319
1553.122,    3315
1553.216,    3344
1553.311,    3327
1553.407,    3340
1553.501,    3340
1553.597,    3352
1553.693,    3339
1553.787,    3350
1553.883,    3337
1553.979,    3346
1554.074,    3322
1554.170,    3349
1554.264,    3345
1554.359,    3347
1554.456,    3315
1554.550,    3344
1554.645,    3329
1554.741,    3360
1554.835,    3338
1554.930,    3349
1555.026,    3342
1555.119,    3343
1555.215,    3342
1555.310,    3340
1555.403,    3334
1555.498,    3350
1555.594,    3331
1555.688,    3345
1555.784,    3331
1555.878,    3350
1555.973,    3332
1556.069,    3359
1556.161,    3335
1556.256,    3336
1556.351,    3330
1556.444,    3350
1556.538,    3316
1556.633,    3321
1556.726,    3328
1556.822,    3332
1556.916,    3305
1557.009,    3330
1557.104,    3323
1557.198,    3329
1557.292,    3308
1557.387,    3325
1557.481,    3319
1557.574,    3322
1557.669,    3332
1557.762,    3327
1557.856,    3306
1557.951,    3326
1558.043,    3322
1558.138,    3308
1558.232,    3329
1558.324,    3317
1558.418,    3314
1558.512,    3307
1558.605,    3319
1558.699,    3312
1558.794,    3308
1558.886,    3313
1558.980,    3301
1559.074,    3338
1559.167,    3295
1559.261,    3322
1559.353,    3298
1559.445,    3311
1559.539,    3279
1559.632,    3307
1559.725,    3306
1559.819,    3285
1559.911,    3273
1560.005,    3262
1560.099,    3274
1560.191,    3282
1560.284,    3276
1560.377,    3281
1560.470,    3275
1560.563,    3273
1560.656,    3261
1560.748,    3279
1560.842,    3288
1560.935,    3283
1561.026,    3269
1561.119,    3293
1561.212,    3287
1561.303,    3291
1561.396,    3262
1561.489,    3297
1561.581,    3282
1561.674,    3287
1561.766,    3285
1561.858,    3299
1561.951,    3287
1562.044,    3314
1562.136,    3268
1562.228,    3306
1562.320,    3297
1562.412,    3309
1562.504,    3299
1562.596,    3319
1562.688,    3310
1562.780,    3333
1562.873,    3286
1562.964,    3314
1563.057,    3323
1563.149,    3329
1563.240,    3292
1563.331,    3318
1563.423,    3328
1563.515,    3323
1563.606,    3318
1563.699,    3326
1563.790,    3306
1563.882,    3321
1563.973,    3294
1564.065,    3319
1564.157,    3313
1564.248,    3318
1564.338,    3325
1564.430,    3327
1564.522,    3305
1564.613,    3313
1564.704,    3303
1564.796,    3322
1564.887,    3305
1564.979,    3304
1565.069,    3298
1565.160,    3309
1565.252,    3306
1565.343,    3320
1565.433,    3307
1565.524,    3300
1565.615,    3307
1565.705,    3320
1565.797,    3304
1565.887,    3300
1565.978,    3290
1566.070,    3321
1566.160,    3299
1566.250,    3311
1566.341,    3280
1566.431,    3287
1566.521,    3276
1566.613,    3316
1566.703,    3278
1566.793,    3315
1566.885,    3289
1566.974,    3292
1567.065,    3297
1567.156,    3290
1567.245,    3287
1567.335,    3298
1567.426,    3282
1567.515,    3285
1567.605,    3276
1567.696,    3294
1567.786,    3287
1567.876,    3288
1567.966,    3287
1568.056,    3286
1568.146,    3270
1568.236,    3267
1568.326,    3265
1568.416,    3289
1568.505,    3283
1568.595,    3285
1568.684,    3281
1568.774,    3277
1568.864,    3279
1568.954,    3275
1569.043,    3266
1569.133,    3272
1569.221,    3251
1569.311,    3279
1569.401,    3256
1569.491,    3279
1569.580,    3259
1569.670,    3277
1569.759,    3238
1569.848,    3270
1569.938,    3274
1570.026,    3259
1570.115,    3253
1570.205,    3273
1570.293,    3253
1570.382,    3297
1570.471,    3258
1570.560,    3278
2014_11_24 18_51_02
第1组数据：
Peak Count: 1
Peak#, Peak Pixel, Peak Power
01, 1543.276, 65864.805
2014_11_24 18_51_02
2014_11_24 18_51_02
0
2014_11_24 18_51_03
第1组数据：
Peak Count: 1
Peak#, Peak Pixel, Peak Power
01, 1543.276, 65864.805
2014_11_24 18_51_03
2014_11_24 18_51_03
0
2014_11_24 18_51_03
第1组数据：
Peak Count: 1
Peak#, Peak Pixel, Peak Power
01, 1543.276, 65864.805
2014_11_24 18_51_03
2014_11_24 18_51_03
0
2014_11_24 18_51_03
第1组数据：
Peak Count: 1
Peak#, Peak Pixel, Peak Power
01, 1543.276, 65864.805
2014_11_24 18_51_03
2014_11_24 18_51_03
0
2014_11_24 18_51_04
第1组数据：
Peak Count: 1
Peak#, Peak Pixel, Peak Power
01, 1543.276, 65864.805
2014_11_24 18_51_04
2014_11_24 18_51_04
0
2014_11_24 18_51_04
第1组数据：
Peak Count: 1
Peak#, Peak Pixel, Peak Power
01, 1543.276, 65863.952
2014_11_24 18_51_04
2014_11_24 18_51_04
0
2014_11_24 18_51_04
第1组数据：
Peak Count: 1
Peak#, Peak Pixel, Peak Power
01, 1543.276, 65863.952
2014_11_24 18_51_04
2014_11_24 18_51_04
0
2014_11_24 18_51_05
第1组数据：
Peak Count: 1
Peak#, Peak Pixel, Peak Power
01, 1543.276, 65863.952
2014_11_24 18_51_05
2014_11_24 18_51_05
0
2014_11_24 18_51_05
第1组数据：
Peak Count: 1
Peak#, Peak Pixel, Peak Power
01, 1543.276, 65863.952
2014_11_24 18_51_05
2014_11_24 18_51_05
0
2014_11_24 18_51_05
第1组数据：
Peak Count: 1
Peak#, Peak Pixel, Peak Power
01, 1543.276, 65863.952
2014_11_24 18_51_05
2014_11_24 18_51_05
0
2014_11_24 18_51_05
第1组数据：
Peak Count: 1
Peak#, Peak Pixel, Peak Power
01, 1543.276, 65863.952
2014_11_24 18_51_05
2014_11_24 18_51_05
0
2014_11_24 18_51_06
第1组数据：
Peak Count: 1
Peak#, Peak Pixel, Peak Power
01, 1543.276, 65863.952
2014_11_24 18_51_06
2014_11_24 18_51_06
0
2014_11_24 18_51_06
第1组数据：
Peak Count: 1
Peak#, Peak Pixel, Peak Power
01, 1543.276, 65863.952
2014_11_24 18_51_06
2014_11_24 18_51_06
0
2014_11_24 18_51_06
第1组数据：
Peak Count: 1
Peak#, Peak Pixel, Peak Power
01, 1543.276, 65863.952
2014_11_24 18_51_06
2014_11_24 18_51_06
0
2014_11_24 18_51_07
第1组数据：
Peak Count: 1
Peak#, Peak Pixel, Peak Power
01, 1543.276, 65863.952
2014_11_24 18_51_07
2014_11_24 18_51_07
0
2014_11_24 18_51_07
第1组数据：
Peak Count: 1
Peak#, Peak Pixel, Peak Power
01, 1543.276, 65863.952
2014_11_24 18_51_07
2014_11_24 18_51_07
0
2014_11_24 18_51_08
第1组数据：
Peak Count: 1
Peak#, Peak Pixel, Peak Power
01, 1543.276, 65863.952
2014_11_24 18_51_08
2014_11_24 18_51_08
0
2014_11_24 18_51_08
第1组数据：
Peak Count: 1
Peak#, Peak Pixel, Peak Power
01, 1543.276, 65863.952
2014_11_24 18_51_08
2014_11_24 18_51_08
0
