Open Device Successfully!
Device Count: 1
Device Index: 0
S/N: F1480723
Pixel Count: 512
HW Version: 10000006
FW Version: 10000020
DLL Version: 21502063
Load Calibration Data Successfully
Integration Time: 20 us
Line Rate: 5000 Hz
Pixel,  Wavelength(nm)
000,   1520.5988
001,   1520.7060
002,   1520.8133
003,   1520.9207
004,   1521.0294
005,   1521.1349
006,   1521.2442
007,   1521.3494
008,   1521.4576
009,   1521.5660
010,   1521.6716
011,   1521.7805
012,   1521.8855
013,   1521.9933
014,   1522.1007
015,   1522.2065
016,   1522.3153
017,   1522.4204
018,   1522.5289
019,   1522.6344
020,   1522.7412
021,   1522.8477
022,   1522.9541
023,   1523.0613
024,   1523.1674
025,   1523.2745
026,   1523.3808
027,   1523.4872
028,   1523.5948
029,   1523.6996
030,   1523.8070
031,   1523.9111
032,   1524.0179
033,   1524.1243
034,   1524.2292
035,   1524.3381
036,   1524.4422
037,   1524.5493
038,   1524.6554
039,   1524.7604
040,   1524.8691
041,   1524.9724
042,   1525.0788
043,   1525.1845
044,   1525.2900
045,   1525.3970
046,   1525.5002
047,   1525.6076
048,   1525.7136
049,   1525.8184
050,   1525.9253
051,   1526.0294
052,   1526.1369
053,   1526.2409
054,   1526.3460
055,   1526.4519
056,   1526.5564
057,   1526.6633
058,   1526.7670
059,   1526.8724
060,   1526.9792
061,   1527.0834
062,   1527.1900
063,   1527.2932
064,   1527.3986
065,   1527.5040
066,   1527.6081
067,   1527.7142
068,   1527.8180
069,   1527.9238
070,   1528.0284
071,   1528.1327
072,   1528.2389
073,   1528.3421
074,   1528.4478
075,   1528.5523
076,   1528.6567
077,   1528.7621
078,   1528.8647
079,   1528.9711
080,   1529.0754
081,   1529.1797
082,   1529.2850
083,   1529.3877
084,   1529.4933
085,   1529.5969
086,   1529.7007
087,   1529.8061
088,   1529.9090
089,   1530.0146
090,   1530.1182
091,   1530.2219
092,   1530.3279
093,   1530.4301
094,   1530.5352
095,   1530.6387
096,   1530.7411
097,   1530.8457
098,   1530.9483
099,   1531.0530
100,   1531.1568
101,   1531.2600
102,   1531.3650
103,   1531.4672
104,   1531.5725
105,   1531.6759
106,   1531.7787
107,   1531.8828
108,   1531.9850
109,   1532.0893
110,   1532.1929
111,   1532.2954
112,   1532.4000
113,   1532.5019
114,   1532.6056
115,   1532.7094
116,   1532.8129
117,   1532.9166
118,   1533.0178
119,   1533.1213
120,   1533.2249
121,   1533.3277
122,   1533.4318
123,   1533.5330
124,   1533.6367
125,   1533.7401
126,   1533.8417
127,   1533.9465
128,   1534.0474
129,   1534.1499
130,   1534.2528
131,   1534.3543
132,   1534.4593
133,   1534.5611
134,   1534.6632
135,   1534.7669
136,   1534.8683
137,   1534.9716
138,   1535.0732
139,   1535.1749
140,   1535.2784
141,   1535.3791
142,   1535.4823
143,   1535.5850
144,   1535.6864
145,   1535.7900
146,   1535.8908
147,   1535.9937
148,   1536.0969
149,   1536.1970
150,   1536.3000
151,   1536.4009
152,   1536.5022
153,   1536.6052
154,   1536.7058
155,   1536.8090
156,   1536.9107
157,   1537.0119
158,   1537.1147
159,   1537.2152
160,   1537.3168
161,   1537.4184
162,   1537.5187
163,   1537.6216
164,   1537.7224
165,   1537.8238
166,   1537.9257
167,   1538.0257
168,   1538.1287
169,   1538.2293
170,   1538.3306
171,   1538.4324
172,   1538.5321
173,   1538.6335
174,   1538.7355
175,   1538.8360
176,   1538.9379
177,   1539.0380
178,   1539.1386
179,   1539.2401
180,   1539.3403
181,   1539.4420
182,   1539.5422
183,   1539.6429
184,   1539.7442
185,   1539.8436
186,   1539.9452
187,   1540.0463
188,   1540.1465
189,   1540.2478
190,   1540.3478
191,   1540.4484
192,   1540.5491
193,   1540.6477
194,   1540.7488
195,   1540.8487
196,   1540.9488
197,   1541.0500
198,   1541.1486
199,   1541.2493
200,   1541.3506
201,   1541.4495
202,   1541.5506
203,   1541.6503
204,   1541.7500
205,   1541.8507
206,   1541.9487
207,   1542.0495
208,   1542.1494
209,   1542.2491
210,   1542.3499
211,   1542.4486
212,   1542.5487
213,   1542.6490
214,   1542.7469
215,   1542.8475
216,   1542.9475
217,   1543.0459
218,   1543.1465
219,   1543.2450
220,   1543.3450
221,   1543.4453
222,   1543.5426
223,   1543.6430
224,   1543.7423
225,   1543.8403
226,   1543.9401
227,   1544.0383
228,   1544.1374
229,   1544.2372
230,   1544.3351
231,   1544.4349
232,   1544.5348
233,   1544.6324
234,   1544.7323
235,   1544.8308
236,   1544.9288
237,   1545.0286
238,   1545.1258
239,   1545.2249
240,   1545.3243
241,   1545.4215
242,   1545.5218
243,   1545.6199
244,   1545.7183
245,   1545.8179
246,   1545.9150
247,   1546.0134
248,   1546.1127
249,   1546.2095
250,   1546.3084
251,   1546.4065
252,   1546.5041
253,   1546.6041
254,   1546.7008
255,   1546.7987
256,   1546.8982
257,   1546.9945
258,   1547.0918
259,   1547.1907
260,   1547.2874
261,   1547.3870
262,   1547.4841
263,   1547.5812
264,   1547.6808
265,   1547.7768
266,   1547.8746
267,   1547.9730
268,   1548.0689
269,   1548.1673
270,   1548.2649
271,   1548.3617
272,   1548.4607
273,   1548.5576
274,   1548.6545
275,   1548.7530
276,   1548.8493
277,   1548.9468
278,   1549.0451
279,   1549.1406
280,   1549.2383
281,   1549.3356
282,   1549.4317
283,   1549.5297
284,   1549.6260
285,   1549.7234
286,   1549.8209
287,   1549.9163
288,   1550.0145
289,   1550.1121
290,   1550.2070
291,   1550.3040
292,   1550.4010
293,   1550.4970
294,   1550.5942
295,   1550.6904
296,   1550.7868
297,   1550.8849
298,   1550.9798
299,   1551.0759
300,   1551.1735
301,   1551.2683
302,   1551.3651
303,   1551.4619
304,   1551.5573
305,   1551.6549
306,   1551.7507
307,   1551.8465
308,   1551.9441
309,   1552.0393
310,   1552.1349
311,   1552.2319
312,   1552.3261
313,   1552.4223
314,   1552.5190
315,   1552.6134
316,   1552.7103
317,   1552.8064
318,   1552.9015
319,   1552.9988
320,   1553.0943
321,   1553.1897
322,   1553.2857
323,   1553.3797
324,   1553.4747
325,   1553.5717
326,   1553.6653
327,   1553.7613
328,   1553.8574
329,   1553.9512
330,   1554.0475
331,   1554.1434
332,   1554.2381
333,   1554.3345
334,   1554.4284
335,   1554.5230
336,   1554.6202
337,   1554.7144
338,   1554.8090
339,   1554.9055
340,   1554.9992
341,   1555.0944
342,   1555.1903
343,   1555.2836
344,   1555.3792
345,   1555.4741
346,   1555.5672
347,   1555.6627
348,   1555.7580
349,   1555.8521
350,   1555.9482
351,   1556.0421
352,   1556.1368
353,   1556.2328
354,   1556.3257
355,   1556.4200
356,   1556.5149
357,   1556.6082
358,   1556.7023
359,   1556.7971
360,   1556.8906
361,   1556.9858
362,   1557.0798
363,   1557.1731
364,   1557.2686
365,   1557.3627
366,   1557.4558
367,   1557.5511
368,   1557.6448
369,   1557.7384
370,   1557.8330
371,   1557.9259
372,   1558.0200
373,   1558.1151
374,   1558.2078
375,   1558.3017
376,   1558.3959
377,   1558.4881
378,   1558.5818
379,   1558.6767
380,   1558.7692
381,   1558.8636
382,   1558.9576
383,   1559.0502
384,   1559.1445
385,   1559.2383
386,   1559.3310
387,   1559.4247
388,   1559.5169
389,   1559.6097
390,   1559.7035
391,   1559.7962
392,   1559.8898
393,   1559.9833
394,   1560.0757
395,   1560.1692
396,   1560.2628
397,   1560.3556
398,   1560.4481
399,   1560.5415
400,   1560.6341
401,   1560.7271
402,   1560.8201
403,   1560.9122
404,   1561.0057
405,   1561.0988
406,   1561.1906
407,   1561.2831
408,   1561.3762
409,   1561.4681
410,   1561.5604
411,   1561.6530
412,   1561.7454
413,   1561.8384
414,   1561.9308
415,   1562.0229
416,   1562.1156
417,   1562.2084
418,   1562.3004
419,   1562.3924
420,   1562.4847
421,   1562.5763
422,   1562.6683
423,   1562.7607
424,   1562.8526
425,   1562.9444
426,   1563.0374
427,   1563.1289
428,   1563.2213
429,   1563.3135
430,   1563.4042
431,   1563.4958
432,   1563.5878
433,   1563.6789
434,   1563.7708
435,   1563.8634
436,   1563.9548
437,   1564.0467
438,   1564.1381
439,   1564.2290
440,   1564.3212
441,   1564.4127
442,   1564.5026
443,   1564.5947
444,   1564.6867
445,   1564.7772
446,   1564.8690
447,   1564.9606
448,   1565.0512
449,   1565.1434
450,   1565.2340
451,   1565.3247
452,   1565.4167
453,   1565.5073
454,   1565.5974
455,   1565.6890
456,   1565.7798
457,   1565.8698
458,   1565.9619
459,   1566.0520
460,   1566.1428
461,   1566.2348
462,   1566.3251
463,   1566.4147
464,   1566.5058
465,   1566.5957
466,   1566.6857
467,   1566.7776
468,   1566.8677
469,   1566.9582
470,   1567.0493
471,   1567.1393
472,   1567.2299
473,   1567.3208
474,   1567.4102
475,   1567.5000
476,   1567.5907
477,   1567.6801
478,   1567.7702
479,   1567.8606
480,   1567.9511
481,   1568.0410
482,   1568.1310
483,   1568.2211
484,   1568.3113
485,   1568.4011
486,   1568.4911
487,   1568.5808
488,   1568.6701
489,   1568.7603
490,   1568.8492
491,   1568.9385
492,   1569.0290
493,   1569.1188
494,   1569.2081
495,   1569.2977
496,   1569.3864
497,   1569.4756
498,   1569.5662
499,   1569.6558
500,   1569.7452
501,   1569.8356
502,   1569.9243
503,   1570.0131
504,   1570.1026
505,   1570.1914
506,   1570.2797
507,   1570.3701
508,   1570.4582
509,   1570.5472
510,   1570.6362
511,   1570.7251
Case Temperature: 40.807
Wavelength, Intensity
1520.599,    2922
1520.706,    3220
1520.813,    3231
1520.921,    3257
1521.029,    3236
1521.135,    3229
1521.244,    3219
1521.349,    3219
1521.458,    3237
1521.566,    3220
1521.672,    3250
1521.780,    3252
1521.886,    3226
1521.993,    3214
1522.101,    3222
1522.206,    3235
1522.315,    3231
1522.420,    3246
1522.529,    3215
1522.634,    3243
1522.741,    3246
1522.848,    3216
1522.954,    3260
1523.061,    3240
1523.167,    3219
1523.274,    3226
1523.381,    3238
1523.487,    3253
1523.595,    3245
1523.700,    3253
1523.807,    3234
1523.911,    3272
1524.018,    3237
1524.124,    3248
1524.229,    3250
1524.338,    3286
1524.442,    3247
1524.549,    3262
1524.655,    3252
1524.760,    3312
1524.869,    3275
1524.972,    3283
1525.079,    3275
1525.185,    3317
1525.290,    3250
1525.397,    3282
1525.500,    3284
1525.608,    3308
1525.714,    3267
1525.818,    3288
1525.925,    3287
1526.029,    3296
1526.137,    3278
1526.241,    3281
1526.346,    3274
1526.452,    3287
1526.556,    3283
1526.663,    3310
1526.767,    3284
1526.872,    3308
1526.979,    3286
1527.083,    3307
1527.190,    3282
1527.293,    3302
1527.399,    3289
1527.504,    3306
1527.608,    3273
1527.714,    3269
1527.818,    3280
1527.924,    3294
1528.028,    3276
1528.133,    3269
1528.239,    3292
1528.342,    3282
1528.448,    3277
1528.552,    3278
1528.657,    3281
1528.762,    3269
1528.865,    3259
1528.971,    3295
1529.075,    3273
1529.180,    3245
1529.285,    3240
1529.388,    3253
1529.493,    3243
1529.597,    3261
1529.701,    3257
1529.806,    3253
1529.909,    3263
1530.015,    3246
1530.118,    3227
1530.222,    3262
1530.328,    3237
1530.430,    3230
1530.535,    3221
1530.639,    3234
1530.741,    3230
1530.846,    3227
1530.948,    3232
1531.053,    3250
1531.157,    3247
1531.260,    3236
1531.365,    3225
1531.467,    3240
1531.572,    3251
1531.676,    3243
1531.779,    3238
1531.883,    3234
1531.985,    3244
1532.089,    3243
1532.193,    3230
1532.295,    3262
1532.400,    3243
1532.502,    3232
1532.606,    3229
1532.709,    3253
1532.813,    3231
1532.917,    3220
1533.018,    3232
1533.121,    3251
1533.225,    3242
1533.328,    3239
1533.432,    3267
1533.533,    3255
1533.637,    3267
1533.740,    3222
1533.842,    3248
1533.946,    3274
1534.047,    3261
1534.150,    3274
1534.253,    3272
1534.354,    3283
1534.459,    3252
1534.561,    3294
1534.663,    3253
1534.767,    3287
1534.868,    3281
1534.972,    3294
1535.073,    3283
1535.175,    3293
1535.278,    3262
1535.379,    3284
1535.482,    3285
1535.585,    3289
1535.686,    3292
1535.790,    3285
1535.891,    3282
1535.994,    3268
1536.097,    3265
1536.197,    3287
1536.300,    3281
1536.401,    3288
1536.502,    3288
1536.605,    3295
1536.706,    3275
1536.809,    3306
1536.911,    3297
1537.012,    3288
1537.115,    3265
1537.215,    3266
1537.317,    3285
1537.418,    3267
1537.519,    3264
1537.622,    3278
1537.722,    3268
1537.824,    3258
1537.926,    3280
1538.026,    3261
1538.129,    3275
1538.229,    3260
1538.331,    3257
1538.432,    3252
1538.532,    3259
1538.634,    3224
1538.736,    3270
1538.836,    3248
1538.938,    3254
1539.038,    3253
1539.139,    3252
1539.240,    3234
1539.340,    3251
1539.442,    3245
1539.542,    3236
1539.643,    3242
1539.744,    3235
1539.844,    3228
1539.945,    3221
1540.046,    3230
1540.147,    3242
1540.248,    3213
1540.348,    3223
1540.448,    3230
1540.549,    3218
1540.648,    3223
1540.749,    3236
1540.849,    3225
1540.949,    3230
1541.050,    3250
1541.149,    3225
1541.249,    3247
1541.351,    3239
1541.449,    3239
1541.551,    3261
1541.650,    3256
1541.750,    3223
1541.851,    3245
1541.949,    3227
1542.050,    3246
1542.149,    3240
1542.249,    3252
1542.350,    3238
1542.449,    3253
1542.549,    3264
1542.649,    3270
1542.747,    3246
1542.847,    3266
1542.948,    3280
1543.046,    3257
1543.147,    3241
1543.245,    3280
1543.345,    3252
1543.445,    3265
1543.543,    3251
1543.643,    3268
1543.742,    3251
1543.840,    3281
1543.940,    3267
1544.038,    3286
1544.137,    3282
1544.237,    3296
1544.335,    3287
1544.435,    3309
1544.535,    3294
1544.632,    3297
1544.732,    3287
1544.831,    3315
1544.929,    3284
1545.029,    3305
1545.126,    3285
1545.225,    3298
1545.324,    3293
1545.421,    3285
1545.522,    3265
1545.620,    3297
1545.718,    3260
1545.818,    3287
1545.915,    3286
1546.013,    3281
1546.113,    3281
1546.209,    3272
1546.308,    3289
1546.406,    3268
1546.504,    3272
1546.604,    3267
1546.701,    3269
1546.799,    3284
1546.898,    3279
1546.994,    3275
1547.092,    3277
1547.191,    3280
1547.287,    3265
1547.387,    3275
1547.484,    3277
1547.581,    3277
1547.681,    3296
1547.777,    3254
1547.875,    3269
1547.973,    3273
1548.069,    3272
1548.167,    3268
1548.265,    3257
1548.362,    3249
1548.461,    3238
1548.558,    3249
1548.654,    3229
1548.753,    3241
1548.849,    3244
1548.947,    3268
1549.045,    3305
1549.141,    3424
1549.238,    3448
1549.336,    3393
1549.432,    3435
1549.530,    3636
1549.626,    3646
1549.723,    3748
1549.821,    5537
1549.916,    21567
1550.015,    58073
1550.112,    61380
1550.207,    24392
1550.304,    7614
1550.401,    4481
1550.497,    3507
1550.594,    3354
1550.690,    3324
1550.787,    3300
1550.885,    3298
1550.980,    3241
1551.076,    3288
1551.173,    3270
1551.268,    3278
1551.365,    3282
1551.462,    3274
1551.557,    3280
1551.655,    3295
1551.751,    3257
1551.847,    3309
1551.944,    3273
1552.039,    3269
1552.135,    3257
1552.232,    3276
1552.326,    3291
1552.422,    3334
1552.519,    3291
1552.613,    3314
1552.710,    3289
1552.806,    3316
1552.901,    3317
1552.999,    3330
1553.094,    3296
1553.190,    3326
1553.286,    3326
1553.380,    3326
1553.475,    3293
1553.572,    3310
1553.665,    3288
1553.761,    3301
1553.857,    3292
1553.951,    3292
1554.047,    3301
1554.143,    3301
1554.238,    3303
1554.334,    3294
1554.428,    3283
1554.523,    3306
1554.620,    3308
1554.714,    3271
1554.809,    3285
1554.905,    3286
1554.999,    3281
1555.094,    3272
1555.190,    3262
1555.284,    3250
1555.379,    3262
1555.474,    3273
1555.567,    3274
1555.663,    3277
1555.758,    3267
1555.852,    3251
1555.948,    3270
1556.042,    3240
1556.137,    3256
1556.233,    3258
1556.326,    3231
1556.420,    3264
1556.515,    3248
1556.608,    3242
1556.702,    3237
1556.797,    3239
1556.891,    3242
1556.986,    3223
1557.080,    3226
1557.173,    3235
1557.269,    3232
1557.363,    3212
1557.456,    3216
1557.551,    3219
1557.645,    3223
1557.738,    3223
1557.833,    3243
1557.926,    3246
1558.020,    3225
1558.115,    3242
1558.208,    3234
1558.302,    3258
1558.396,    3254
1558.488,    3233
1558.582,    3224
1558.677,    3243
1558.769,    3240
1558.864,    3211
1558.958,    3216
1559.050,    3235
1559.145,    3231
1559.238,    3240
1559.331,    3226
1559.425,    3261
1559.517,    3240
1559.610,    3249
1559.704,    3246
1559.796,    3265
1559.890,    3256
1559.983,    3241
1560.076,    3230
1560.169,    3270
1560.263,    3231
1560.356,    3264
1560.448,    3245
1560.541,    3260
1560.634,    3254
1560.727,    3285
1560.820,    3236
1560.912,    3277
1561.006,    3268
1561.099,    3287
1561.191,    3276
1561.283,    3292
1561.376,    3284
1561.468,    3327
1561.560,    3288
1561.653,    3313
1561.745,    3284
1561.838,    3307
1561.931,    3295
1562.023,    3318
1562.116,    3290
1562.208,    3295
1562.300,    3268
1562.392,    3273
1562.485,    3283
1562.576,    3294
1562.668,    3287
1562.761,    3284
1562.853,    3297
1562.944,    3296
1563.037,    3261
1563.129,    3297
1563.221,    3273
1563.313,    3284
1563.404,    3263
1563.496,    3287
1563.588,    3273
1563.679,    3273
1563.771,    3273
1563.863,    3296
1563.955,    3270
1564.047,    3264
1564.138,    3268
1564.229,    3265
1564.321,    3253
1564.413,    3269
1564.503,    3258
1564.595,    3261
1564.687,    3262
1564.777,    3270
1564.869,    3255
1564.961,    3233
1565.051,    3248
1565.143,    3256
1565.234,    3245
1565.325,    3236
1565.417,    3204
1565.507,    3248
1565.597,    3236
1565.689,    3221
1565.780,    3217
1565.870,    3236
1565.962,    3218
1566.052,    3239
1566.143,    3231
1566.235,    3204
1566.325,    3213
1566.415,    3223
1566.506,    3216
1566.596,    3240
1566.686,    3229
1566.778,    3257
1566.868,    3221
1566.958,    3200
1567.049,    3223
1567.139,    3229
1567.230,    3238
1567.321,    3244
1567.410,    3191
1567.500,    3247
1567.591,    3212
1567.680,    3216
1567.770,    3210
1567.861,    3243
1567.951,    3217
1568.041,    3239
1568.131,    3247
1568.221,    3238
1568.311,    3238
1568.401,    3261
1568.491,    3233
1568.581,    3249
1568.670,    3255
1568.760,    3275
1568.849,    3229
1568.938,    3258
1569.029,    3251
1569.119,    3267
1569.208,    3261
1569.298,    3290
1569.386,    3250
1569.476,    3299
1569.566,    3260
1569.656,    3279
1569.745,    3283
1569.836,    3283
1569.924,    3283
1570.013,    3303
1570.103,    3286
1570.191,    3286
1570.280,    3286
1570.370,    3303
1570.458,    3281
1570.547,    3304
1570.636,    3276
1570.725,    3285
