Open Device Successfully!
Device Count: 1
Device Index: 0
S/N: F1480723
Pixel Count: 512
HW Version: 10000006
FW Version: 10000020
DLL Version: 21502063
Integration Time: 30 us
Line Rate: 5000 Hz
Load Calibration Data Successfully
Pixel,  Wavelength(nm)
000,   1520.4346
001,   1520.5418
002,   1520.6491
003,   1520.7565
004,   1520.8651
005,   1520.9710
006,   1521.0802
007,   1521.1853
008,   1521.2935
009,   1521.4019
010,   1521.5082
011,   1521.6162
012,   1521.7220
013,   1521.8292
014,   1521.9368
015,   1522.0428
016,   1522.1510
017,   1522.2569
018,   1522.3651
019,   1522.4705
020,   1522.5776
021,   1522.6838
022,   1522.7910
023,   1522.8976
024,   1523.0036
025,   1523.1113
026,   1523.2171
027,   1523.3241
028,   1523.4309
029,   1523.5363
030,   1523.6436
031,   1523.7475
032,   1523.8545
033,   1523.9608
034,   1524.0662
035,   1524.1748
036,   1524.2787
037,   1524.3859
038,   1524.4921
039,   1524.5975
040,   1524.7057
041,   1524.8090
042,   1524.9156
043,   1525.0212
044,   1525.1271
045,   1525.2335
046,   1525.3372
047,   1525.4444
048,   1525.5505
049,   1525.6555
050,   1525.7619
051,   1525.8667
052,   1525.9738
053,   1526.0780
054,   1526.1831
055,   1526.2886
056,   1526.3937
057,   1526.5005
058,   1526.6041
059,   1526.7097
060,   1526.8160
061,   1526.9210
062,   1527.0271
063,   1527.1303
064,   1527.2360
065,   1527.3409
066,   1527.4457
067,   1527.5513
068,   1527.6552
069,   1527.7613
070,   1527.8657
071,   1527.9704
072,   1528.0763
073,   1528.1795
074,   1528.2854
075,   1528.3898
076,   1528.4945
077,   1528.5996
078,   1528.7022
079,   1528.8088
080,   1528.9130
081,   1529.0175
082,   1529.1225
083,   1529.2253
084,   1529.3310
085,   1529.4346
086,   1529.5387
087,   1529.6437
088,   1529.7468
089,   1529.8524
090,   1529.9560
091,   1530.0601
092,   1530.1655
093,   1530.2679
094,   1530.3731
095,   1530.4765
096,   1530.5793
097,   1530.6834
098,   1530.7863
099,   1530.8910
100,   1530.9947
101,   1531.0984
102,   1531.2029
103,   1531.3052
104,   1531.4105
105,   1531.5138
106,   1531.6171
107,   1531.7207
108,   1531.8229
109,   1531.9274
110,   1532.0308
111,   1532.1339
112,   1532.2380
113,   1532.3399
114,   1532.4438
115,   1532.5474
116,   1532.6515
117,   1532.7548
118,   1532.8558
119,   1532.9595
120,   1533.0628
121,   1533.1662
122,   1533.2701
123,   1533.3711
124,   1533.4750
125,   1533.5782
126,   1533.6801
127,   1533.7849
128,   1533.8856
129,   1533.9885
130,   1534.0910
131,   1534.1925
132,   1534.2976
133,   1534.3994
134,   1534.5018
135,   1534.6051
136,   1534.7066
137,   1534.8100
138,   1534.9115
139,   1535.0136
140,   1535.1167
141,   1535.2174
142,   1535.3207
143,   1535.4232
144,   1535.5251
145,   1535.6284
146,   1535.7291
147,   1535.8321
148,   1535.9351
149,   1536.0357
150,   1536.1385
151,   1536.2393
152,   1536.3409
153,   1536.4434
154,   1536.5444
155,   1536.6475
156,   1536.7490
157,   1536.8507
158,   1536.9529
159,   1537.0536
160,   1537.1553
161,   1537.2568
162,   1537.3575
163,   1537.4601
164,   1537.5608
165,   1537.6624
166,   1537.7640
167,   1537.8644
168,   1537.9672
169,   1538.0677
170,   1538.1696
171,   1538.2708
172,   1538.3706
173,   1538.4723
174,   1538.5738
175,   1538.6750
176,   1538.7765
177,   1538.8765
178,   1538.9775
179,   1539.0784
180,   1539.1791
181,   1539.2806
182,   1539.3807
183,   1539.4819
184,   1539.5828
185,   1539.6821
186,   1539.7841
187,   1539.8848
188,   1539.9854
189,   1540.0866
190,   1540.1862
191,   1540.2875
192,   1540.3877
193,   1540.4863
194,   1540.5878
195,   1540.6873
196,   1540.7878
197,   1540.8887
198,   1540.9872
199,   1541.0883
200,   1541.1893
201,   1541.2883
202,   1541.3896
203,   1541.4889
204,   1541.5891
205,   1541.6896
206,   1541.7873
207,   1541.8885
208,   1541.9880
209,   1542.0880
210,   1542.1889
211,   1542.2873
212,   1542.3879
213,   1542.4878
214,   1542.5856
215,   1542.6865
216,   1542.7863
217,   1542.8849
218,   1542.9854
219,   1543.0837
220,   1543.1841
221,   1543.2842
222,   1543.3815
223,   1543.4819
224,   1543.5811
225,   1543.6793
226,   1543.7791
227,   1543.8771
228,   1543.9766
229,   1544.0761
230,   1544.1739
231,   1544.2738
232,   1544.3736
233,   1544.4715
234,   1544.5713
235,   1544.6696
236,   1544.7680
237,   1544.8674
238,   1544.9646
239,   1545.0638
240,   1545.1632
241,   1545.2605
242,   1545.3607
243,   1545.4587
244,   1545.5575
245,   1545.6568
246,   1545.7539
247,   1545.8526
248,   1545.9516
249,   1546.0485
250,   1546.1472
251,   1546.2453
252,   1546.3433
253,   1546.4429
254,   1546.5396
255,   1546.6377
256,   1546.7370
257,   1546.8334
258,   1546.9307
259,   1547.0295
260,   1547.1263
261,   1547.2259
262,   1547.3229
263,   1547.4203
264,   1547.5197
265,   1547.6156
266,   1547.7135
267,   1547.8118
268,   1547.9078
269,   1548.0062
270,   1548.1036
271,   1548.2007
272,   1548.2995
273,   1548.3965
274,   1548.4937
275,   1548.5920
276,   1548.6882
277,   1548.7857
278,   1548.8839
279,   1548.9795
280,   1549.0772
281,   1549.1744
282,   1549.2708
283,   1549.3686
284,   1549.4649
285,   1549.5624
286,   1549.6597
287,   1549.7552
288,   1549.8534
289,   1549.9508
290,   1550.0459
291,   1550.1428
292,   1550.2398
293,   1550.3360
294,   1550.4330
295,   1550.5291
296,   1550.6258
297,   1550.7238
298,   1550.8187
299,   1550.9148
300,   1551.0122
301,   1551.1071
302,   1551.2039
303,   1551.3008
304,   1551.3964
305,   1551.4937
306,   1551.5895
307,   1551.6855
308,   1551.7829
309,   1551.8781
310,   1551.9739
311,   1552.0707
312,   1552.1649
313,   1552.2610
314,   1552.3577
315,   1552.4523
316,   1552.5491
317,   1552.6451
318,   1552.7403
319,   1552.8375
320,   1552.9330
321,   1553.0287
322,   1553.1245
323,   1553.2185
324,   1553.3136
325,   1553.4104
326,   1553.5041
327,   1553.6002
328,   1553.6962
329,   1553.7900
330,   1553.8862
331,   1553.9821
332,   1554.0770
333,   1554.1733
334,   1554.2672
335,   1554.3619
336,   1554.4590
337,   1554.5531
338,   1554.6479
339,   1554.7443
340,   1554.8379
341,   1554.9332
342,   1555.0289
343,   1555.1223
344,   1555.2180
345,   1555.3128
346,   1555.4059
347,   1555.5013
348,   1555.5965
349,   1555.6908
350,   1555.7867
351,   1555.8808
352,   1555.9756
353,   1556.0715
354,   1556.1643
355,   1556.2586
356,   1556.3535
357,   1556.4469
358,   1556.5411
359,   1556.6357
360,   1556.7291
361,   1556.8244
362,   1556.9185
363,   1557.0118
364,   1557.1072
365,   1557.2013
366,   1557.2945
367,   1557.3898
368,   1557.4836
369,   1557.5772
370,   1557.6718
371,   1557.7644
372,   1557.8585
373,   1557.9538
374,   1558.0463
375,   1558.1405
376,   1558.2346
377,   1558.3266
378,   1558.4204
379,   1558.5153
380,   1558.6076
381,   1558.7024
382,   1558.7964
383,   1558.8886
384,   1558.9832
385,   1559.0769
386,   1559.1695
387,   1559.2634
388,   1559.3556
389,   1559.4482
390,   1559.5422
391,   1559.6346
392,   1559.7282
393,   1559.8219
394,   1559.9142
395,   1560.0077
396,   1560.1015
397,   1560.1940
398,   1560.2867
399,   1560.3802
400,   1560.4725
401,   1560.5658
402,   1560.6587
403,   1560.7505
404,   1560.8444
405,   1560.9374
406,   1561.0289
407,   1561.1218
408,   1561.2147
409,   1561.3063
410,   1561.3991
411,   1561.4914
412,   1561.5838
413,   1561.6771
414,   1561.7693
415,   1561.8612
416,   1561.9543
417,   1562.0467
418,   1562.1388
419,   1562.2311
420,   1562.3230
421,   1562.4146
422,   1562.5069
423,   1562.5989
424,   1562.6910
425,   1562.7829
426,   1562.8757
427,   1562.9673
428,   1563.0598
429,   1563.1517
430,   1563.2427
431,   1563.3343
432,   1563.4262
433,   1563.5175
434,   1563.6090
435,   1563.7014
436,   1563.7933
437,   1563.8849
438,   1563.9763
439,   1564.0674
440,   1564.1595
441,   1564.2509
442,   1564.3410
443,   1564.4330
444,   1564.5250
445,   1564.6156
446,   1564.7072
447,   1564.7988
448,   1564.8896
449,   1564.9816
450,   1565.0723
451,   1565.1631
452,   1565.2548
453,   1565.3455
454,   1565.4357
455,   1565.5270
456,   1565.6180
457,   1565.7080
458,   1565.8000
459,   1565.8902
460,   1565.9810
461,   1566.0728
462,   1566.1633
463,   1566.2529
464,   1566.3441
465,   1566.4340
466,   1566.5239
467,   1566.6157
468,   1566.7059
469,   1566.7964
470,   1566.8876
471,   1566.9773
472,   1567.0678
473,   1567.1589
474,   1567.2482
475,   1567.3380
476,   1567.4291
477,   1567.5181
478,   1567.6082
479,   1567.6989
480,   1567.7890
481,   1567.8789
482,   1567.9692
483,   1568.0590
484,   1568.1492
485,   1568.2393
486,   1568.3290
487,   1568.4187
488,   1568.5084
489,   1568.5983
490,   1568.6871
491,   1568.7766
492,   1568.8668
493,   1568.9566
494,   1569.0463
495,   1569.1356
496,   1569.2243
497,   1569.3138
498,   1569.4041
499,   1569.4936
500,   1569.5833
501,   1569.6734
502,   1569.7622
503,   1569.8512
504,   1569.9404
505,   1570.0293
506,   1570.1178
507,   1570.2078
508,   1570.2961
509,   1570.3853
510,   1570.4743
511,   1570.5633
Case Temperature: 30.133
Wavelength, Intensity
1520.435,    2976
1520.542,    3283
1520.649,    3259
1520.756,    3280
1520.865,    3283
1520.971,    3283
1521.080,    3263
1521.185,    3280
1521.294,    3280
1521.402,    3276
1521.508,    3260
1521.616,    3292
1521.722,    3294
1521.829,    3300
1521.937,    3283
1522.043,    3293
1522.151,    3286
1522.257,    3315
1522.365,    3287
1522.470,    3303
1522.578,    3321
1522.684,    3330
1522.791,    3288
1522.898,    3323
1523.004,    3298
1523.111,    3304
1523.217,    3300
1523.324,    3316
1523.431,    3317
1523.536,    3308
1523.644,    3304
1523.748,    3312
1523.855,    3297
1523.961,    3311
1524.066,    3291
1524.175,    3305
1524.279,    3308
1524.386,    3290
1524.492,    3275
1524.597,    3289
1524.706,    3322
1524.809,    3284
1524.916,    3308
1525.021,    3296
1525.127,    3278
1525.233,    3278
1525.337,    3289
1525.444,    3294
1525.551,    3292
1525.655,    3276
1525.762,    3278
1525.867,    3266
1525.974,    3273
1526.078,    3261
1526.183,    3263
1526.289,    3282
1526.394,    3274
1526.500,    3275
1526.604,    3250
1526.710,    3277
1526.816,    3260
1526.921,    3258
1527.027,    3268
1527.130,    3261
1527.236,    3254
1527.341,    3246
1527.446,    3246
1527.551,    3263
1527.655,    3250
1527.761,    3283
1527.866,    3267
1527.970,    3288
1528.076,    3270
1528.179,    3275
1528.285,    3263
1528.390,    3280
1528.495,    3264
1528.600,    3285
1528.702,    3274
1528.809,    3262
1528.913,    3255
1529.018,    3289
1529.122,    3256
1529.225,    3283
1529.331,    3272
1529.435,    3274
1529.539,    3270
1529.644,    3267
1529.747,    3265
1529.852,    3272
1529.956,    3253
1530.060,    3287
1530.165,    3271
1530.268,    3247
1530.373,    3255
1530.477,    3278
1530.579,    3260
1530.683,    3279
1530.786,    3249
1530.891,    3279
1530.995,    3274
1531.098,    3279
1531.203,    3276
1531.305,    3305
1531.411,    3281
1531.514,    3297
1531.617,    3285
1531.721,    3298
1531.823,    3287
1531.927,    3282
1532.031,    3288
1532.134,    3294
1532.238,    3276
1532.340,    3300
1532.444,    3277
1532.547,    3312
1532.651,    3277
1532.755,    3313
1532.856,    3286
1532.960,    3294
1533.063,    3292
1533.166,    3322
1533.270,    3312
1533.371,    3308
1533.475,    3314
1533.578,    3312
1533.680,    3294
1533.785,    3316
1533.886,    3299
1533.988,    3300
1534.091,    3276
1534.193,    3298
1534.298,    3289
1534.399,    3293
1534.502,    3287
1534.605,    3301
1534.707,    3293
1534.810,    3296
1534.912,    3292
1535.014,    3287
1535.117,    3295
1535.217,    3274
1535.321,    3283
1535.423,    3306
1535.525,    3282
1535.628,    3285
1535.729,    3267
1535.832,    3283
1535.935,    3270
1536.036,    3277
1536.139,    3265
1536.239,    3277
1536.341,    3277
1536.443,    3265
1536.544,    3264
1536.648,    3284
1536.749,    3246
1536.851,    3264
1536.953,    3281
1537.054,    3273
1537.155,    3279
1537.257,    3270
1537.357,    3251
1537.460,    3270
1537.561,    3261
1537.662,    3269
1537.764,    3250
1537.864,    3257
1537.967,    3276
1538.068,    3274
1538.170,    3283
1538.271,    3273
1538.371,    3268
1538.472,    3259
1538.574,    3259
1538.675,    3276
1538.777,    3273
1538.877,    3274
1538.977,    3264
1539.078,    3266
1539.179,    3269
1539.281,    3276
1539.381,    3264
1539.482,    3272
1539.583,    3287
1539.682,    3285
1539.784,    3265
1539.885,    3269
1539.985,    3258
1540.087,    3281
1540.186,    3265
1540.287,    3265
1540.388,    3247
1540.486,    3270
1540.588,    3250
1540.687,    3291
1540.788,    3264
1540.889,    3275
1540.987,    3264
1541.088,    3286
1541.189,    3259
1541.288,    3293
1541.390,    3284
1541.489,    3276
1541.589,    3253
1541.690,    3270
1541.787,    3273
1541.888,    3275
1541.988,    3285
1542.088,    3300
1542.189,    3298
1542.287,    3295
1542.388,    3283
1542.488,    3284
1542.586,    3268
1542.686,    3312
1542.786,    3300
1542.885,    3299
1542.985,    3291
1543.084,    3306
1543.184,    3297
1543.284,    3314
1543.381,    3324
1543.482,    3294
1543.581,    3296
1543.679,    3306
1543.779,    3307
1543.877,    3295
1543.977,    3292
1544.076,    3305
1544.174,    3304
1544.274,    3292
1544.374,    3282
1544.471,    3295
1544.571,    3290
1544.670,    3308
1544.768,    3289
1544.867,    3284
1544.965,    3303
1545.064,    3295
1545.163,    3293
1545.260,    3280
1545.361,    3276
1545.459,    3290
1545.557,    3300
1545.657,    3285
1545.754,    3287
1545.853,    3280
1545.952,    3269
1546.048,    3263
1546.147,    3245
1546.245,    3283
1546.343,    3257
1546.443,    3296
1546.540,    3287
1546.638,    3269
1546.737,    3284
1546.833,    3252
1546.931,    3259
1547.030,    3282
1547.126,    3266
1547.226,    3275
1547.323,    3265
1547.420,    3289
1547.520,    3265
1547.616,    3283
1547.714,    3278
1547.812,    3291
1547.908,    3297
1548.006,    3277
1548.104,    3291
1548.201,    3287
1548.299,    3290
1548.397,    3292
1548.494,    3284
1548.592,    3288
1548.688,    3283
1548.786,    3289
1548.884,    3291
1548.980,    3334
1549.077,    3441
1549.174,    3517
1549.271,    3497
1549.369,    3500
1549.465,    3638
1549.562,    3760
1549.660,    3807
1549.755,    4666
1549.853,    14364
1549.951,    53341
1550.046,    65486
1550.143,    42878
1550.240,    11802
1550.336,    5303
1550.433,    3751
1550.529,    3423
1550.626,    3360
1550.724,    3365
1550.819,    3337
1550.915,    3331
1551.012,    3296
1551.107,    3316
1551.204,    3299
1551.301,    3316
1551.396,    3285
1551.494,    3334
1551.589,    3312
1551.686,    3316
1551.783,    3314
1551.878,    3322
1551.974,    3293
1552.071,    3309
1552.165,    3305
1552.261,    3318
1552.358,    3323
1552.452,    3352
1552.549,    3331
1552.645,    3333
1552.740,    3310
1552.837,    3340
1552.933,    3317
1553.029,    3350
1553.124,    3333
1553.218,    3352
1553.314,    3328
1553.410,    3322
1553.504,    3318
1553.600,    3315
1553.696,    3315
1553.790,    3311
1553.886,    3302
1553.982,    3320
1554.077,    3303
1554.173,    3309
1554.267,    3314
1554.362,    3313
1554.459,    3292
1554.553,    3300
1554.648,    3298
1554.744,    3278
1554.838,    3276
1554.933,    3292
1555.029,    3278
1555.122,    3276
1555.218,    3272
1555.313,    3277
1555.406,    3266
1555.501,    3287
1555.597,    3264
1555.691,    3275
1555.787,    3263
1555.881,    3271
1555.976,    3262
1556.072,    3250
1556.164,    3261
1556.259,    3246
1556.354,    3265
1556.447,    3272
1556.541,    3272
1556.636,    3245
1556.729,    3252
1556.824,    3246
1556.919,    3252
1557.012,    3271
1557.107,    3246
1557.201,    3278
1557.294,    3275
1557.390,    3258
1557.484,    3261
1557.577,    3259
1557.672,    3269
1557.764,    3272
1557.859,    3260
1557.954,    3271
1558.046,    3269
1558.140,    3269
1558.235,    3273
1558.327,    3280
1558.420,    3257
1558.515,    3267
1558.608,    3288
1558.702,    3246
1558.796,    3245
1558.889,    3243
1558.983,    3245
1559.077,    3259
1559.170,    3259
1559.263,    3262
1559.356,    3275
1559.448,    3276
1559.542,    3256
1559.635,    3271
1559.728,    3269
1559.822,    3264
1559.914,    3264
1560.008,    3272
1560.102,    3252
1560.194,    3277
1560.287,    3271
1560.380,    3282
1560.473,    3280
1560.566,    3280
1560.659,    3265
1560.750,    3282
1560.844,    3270
1560.937,    3294
1561.029,    3273
1561.122,    3278
1561.215,    3300
1561.306,    3301
1561.399,    3284
1561.491,    3323
1561.584,    3309
1561.677,    3303
1561.769,    3324
1561.861,    3319
1561.954,    3308
1562.047,    3322
1562.139,    3290
1562.231,    3311
1562.323,    3296
1562.415,    3276
1562.507,    3282
1562.599,    3304
1562.691,    3297
1562.783,    3286
1562.876,    3295
1562.967,    3299
1563.060,    3289
1563.152,    3310
1563.243,    3277
1563.334,    3300
1563.426,    3273
1563.518,    3263
1563.609,    3300
1563.701,    3298
1563.793,    3302
1563.885,    3275
1563.976,    3267
1564.067,    3280
1564.159,    3291
1564.251,    3268
1564.341,    3276
1564.433,    3298
1564.525,    3279
1564.616,    3278
1564.707,    3282
1564.799,    3280
1564.890,    3263
1564.982,    3258
1565.072,    3256
1565.163,    3269
1565.255,    3257
1565.345,    3249
1565.436,    3248
1565.527,    3268
1565.618,    3269
1565.708,    3244
1565.800,    3257
1565.890,    3277
1565.981,    3241
1566.073,    3238
1566.163,    3243
1566.253,    3271
1566.344,    3243
1566.434,    3263
1566.524,    3255
1566.616,    3269
1566.706,    3270
1566.796,    3275
1566.888,    3264
1566.977,    3282
1567.068,    3250
1567.159,    3258
1567.248,    3267
1567.338,    3263
1567.429,    3272
1567.518,    3272
1567.608,    3251
1567.699,    3280
1567.789,    3256
1567.879,    3265
1567.969,    3267
1568.059,    3263
1568.149,    3261
1568.239,    3249
1568.329,    3236
1568.419,    3271
1568.508,    3256
1568.598,    3277
1568.687,    3271
1568.777,    3290
1568.867,    3256
1568.957,    3252
1569.046,    3260
1569.136,    3280
1569.224,    3259
1569.314,    3261
1569.404,    3260
1569.494,    3258
1569.583,    3257
1569.673,    3287
1569.762,    3259
1569.851,    3292
1569.940,    3280
1570.029,    3310
1570.118,    3276
1570.208,    3292
1570.296,    3286
1570.385,    3303
1570.474,    3289
1570.563,    3315
