Case Temperature: 31.392
Wavelength, Intensity
1520.454,    3047
1520.561,    3348
1520.668,    3342
1520.775,    3359
1520.884,    3363
1520.990,    3354
1521.099,    3351
1521.204,    3359
1521.312,    3332
1521.421,    3364
1521.527,    3335
1521.635,    3340
1521.741,    3343
1521.848,    3329
1521.956,    3356
1522.062,    3355
1522.170,    3361
1522.276,    3351
1522.384,    3349
1522.489,    3375
1522.597,    3363
1522.703,    3360
1522.810,    3329
1522.917,    3351
1523.023,    3345
1523.130,    3349
1523.236,    3332
1523.343,    3373
1523.450,    3350
1523.555,    3358
1523.663,    3343
1523.766,    3367
1523.873,    3344
1523.980,    3353
1524.085,    3350
1524.194,    3387
1524.298,    3360
1524.405,    3388
1524.511,    3363
1524.616,    3383
1524.725,    3351
1524.828,    3374
1524.935,    3370
1525.040,    3385
1525.146,    3379
1525.252,    3378
1525.356,    3370
1525.463,    3414
1525.569,    3368
1525.674,    3390
1525.781,    3403
1525.886,    3421
1525.993,    3389
1526.097,    3416
1526.202,    3395
1526.308,    3441
1526.413,    3413
1526.519,    3420
1526.623,    3413
1526.729,    3423
1526.835,    3396
1526.940,    3433
1527.046,    3403
1527.149,    3425
1527.255,    3412
1527.360,    3424
1527.465,    3400
1527.570,    3408
1527.674,    3412
1527.780,    3438
1527.885,    3406
1527.989,    3416
1528.095,    3399
1528.198,    3423
1528.304,    3417
1528.409,    3405
1528.513,    3406
1528.618,    3418
1528.721,    3406
1528.828,    3423
1528.932,    3405
1529.036,    3407
1529.141,    3404
1529.244,    3400
1529.350,    3394
1529.453,    3387
1529.558,    3382
1529.663,    3375
1529.766,    3391
1529.871,    3378
1529.975,    3379
1530.079,    3371
1530.184,    3362
1530.287,    3385
1530.392,    3364
1530.495,    3371
1530.598,    3355
1530.702,    3368
1530.805,    3363
1530.910,    3358
1531.014,    3347
1531.117,    3339
1531.222,    3362
1531.324,    3336
1531.429,    3341
1531.533,    3342
1531.636,    3351
1531.740,    3356
1531.842,    3356
1531.946,    3345
1532.050,    3337
1532.153,    3347
1532.257,    3336
1532.359,    3332
1532.463,    3341
1532.566,    3346
1532.670,    3353
1532.774,    3346
1532.875,    3353
1532.978,    3336
1533.082,    3337
1533.185,    3353
1533.289,    3339
1533.390,    3335
1533.494,    3334
1533.597,    3343
1533.699,    3342
1533.804,    3338
1533.904,    3333
1534.007,    3339
1534.110,    3349
1534.211,    3372
1534.316,    3350
1534.418,    3360
1534.521,    3343
1534.624,    3370
1534.725,    3344
1534.829,    3380
1534.930,    3369
1535.032,    3357
1535.136,    3353
1535.236,    3389
1535.340,    3350
1535.442,    3393
1535.544,    3356
1535.647,    3385
1535.748,    3377
1535.851,    3396
1535.954,    3389
1536.054,    3385
1536.157,    3385
1536.258,    3401
1536.360,    3384
1536.462,    3404
1536.563,    3394
1536.666,    3402
1536.768,    3404
1536.869,    3400
1536.972,    3387
1537.072,    3390
1537.174,    3399
1537.276,    3425
1537.376,    3398
1537.479,    3393
1537.580,    3393
1537.681,    3418
1537.783,    3381
1537.883,    3404
1537.986,    3396
1538.087,    3395
1538.188,    3407
1538.290,    3419
1538.389,    3378
1538.491,    3414
1538.593,    3388
1538.694,    3406
1538.795,    3377
1538.895,    3389
1538.996,    3381
1539.097,    3383
1539.198,    3397
1539.299,    3377
1539.400,    3376
1539.501,    3384
1539.602,    3361
1539.701,    3370
1539.803,    3359
1539.904,    3360
1540.004,    3362
1540.105,    3368
1540.205,    3375
1540.306,    3361
1540.407,    3352
1540.505,    3355
1540.607,    3340
1540.706,    3353
1540.807,    3356
1540.908,    3330
1541.006,    3343
1541.107,    3323
1541.208,    3327
1541.307,    3311
1541.408,    3325
1541.508,    3335
1541.608,    3328
1541.708,    3307
1541.806,    3314
1541.907,    3314
1542.007,    3327
1542.107,    3318
1542.208,    3317
1542.306,    3315
1542.407,    3308
1542.507,    3330
1542.604,    3330
1542.705,    3298
1542.805,    3306
1542.904,    3305
1543.004,    3335
1543.103,    3352
1543.203,    3394
1543.303,    3486
1543.400,    3421
1543.501,    3338
1543.600,    3332
1543.698,    3328
1543.798,    3304
1543.896,    3330
1543.995,    3314
1544.095,    3342
1544.193,    3315
1544.293,    3329
1544.392,    3333
1544.490,    3337
1544.590,    3326
1544.688,    3370
1544.787,    3342
1544.886,    3354
1544.983,    3347
1545.083,    3346
1545.182,    3333
1545.279,    3354
1545.380,    3345
1545.478,    3364
1545.576,    3343
1545.676,    3365
1545.773,    3345
1545.871,    3377
1545.970,    3347
1546.067,    3369
1546.166,    3360
1546.264,    3382
1546.362,    3379
1546.462,    3352
1546.558,    3344
1546.657,    3379
1546.756,    3373
1546.852,    3369
1546.950,    3367
1547.048,    3384
1547.145,    3362
1547.245,    3372
1547.342,    3365
1547.439,    3382
1547.539,    3361
1547.634,    3387
1547.732,    3362
1547.831,    3348
1547.927,    3356
1548.025,    3374
1548.122,    3371
1548.220,    3352
1548.318,    3361
1548.415,    3382
1548.512,    3381
1548.611,    3370
1548.707,    3355
1548.805,    3368
1548.903,    3353
1548.998,    3364
1549.096,    3341
1549.193,    3357
1549.290,    3358
1549.387,    3350
1549.484,    3338
1549.581,    3356
1549.679,    3346
1549.774,    3342
1549.872,    3322
1549.970,    3323
1550.065,    3316
1550.162,    3305
1550.259,    3310
1550.355,    3310
1550.452,    3318
1550.548,    3296
1550.645,    3322
1550.743,    3303
1550.838,    3276
1550.934,    3303
1551.031,    3299
1551.126,    3300
1551.223,    3281
1551.320,    3306
1551.415,    3310
1551.513,    3266
1551.608,    3291
1551.704,    3289
1551.802,    3285
1551.897,    3292
1551.993,    3300
1552.090,    3290
1552.184,    3272
1552.280,    3293
1552.377,    3303
1552.471,    3311
1552.568,    3312
1552.664,    3288
1552.759,    3287
1552.856,    3291
1552.952,    3288
1553.048,    3304
1553.143,    3280
1553.237,    3301
1553.332,    3288
1553.429,    3319
1553.523,    3295
1553.619,    3305
1553.715,    3314
1553.809,    3323
1553.905,    3314
1554.001,    3319
1554.096,    3286
1554.192,    3323
1554.286,    3314
1554.381,    3320
1554.478,    3306
1554.572,    3327
1554.667,    3308
1554.763,    3342
1554.857,    3338
1554.952,    3357
1555.048,    3317
1555.141,    3349
1555.237,    3338
1555.332,    3361
1555.425,    3341
1555.520,    3359
1555.615,    3352
1555.710,    3354
1555.806,    3336
1555.900,    3371
1555.994,    3355
1556.090,    3368
1556.183,    3362
1556.278,    3366
1556.372,    3360
1556.466,    3366
1556.560,    3347
1556.655,    3359
1556.748,    3347
1556.843,    3344
1556.937,    3337
1557.031,    3372
1557.126,    3335
1557.220,    3360
1557.313,    3353
1557.409,    3349
1557.502,    3346
1557.596,    3335
1557.691,    3332
1557.783,    3354
1557.877,    3319
1557.973,    3334
1558.065,    3320
1558.159,    3328
1558.254,    3347
1558.346,    3315
1558.439,    3326
1558.534,    3309
1558.627,    3321
1558.721,    3333
1558.815,    3318
1558.908,    3315
1559.002,    3311
1559.096,    3319
1559.188,    3307
1559.282,    3309
1559.375,    3314
1559.467,    3301
1559.561,    3280
1559.654,    3298
1559.747,    3303
1559.841,    3270
1559.933,    3284
1560.027,    3284
1560.120,    3274
1560.213,    3273
1560.306,    3261
1560.399,    3265
1560.491,    3268
1560.585,    3278
1560.678,    3264
1560.769,    3286
1560.863,    3263
1560.956,    3272
1561.048,    3290
1561.141,    3297
1561.234,    3279
1561.325,    3286
1561.418,    3266
1561.510,    3280
1561.603,    3272
1561.696,    3269
1561.788,    3273
1561.880,    3292
1561.973,    3263
1562.066,    3296
1562.158,    3267
1562.250,    3273
1562.342,    3267
1562.434,    3273
1562.526,    3248
1562.618,    3294
1562.710,    3285
1562.802,    3290
1562.895,    3275
1562.986,    3281
1563.079,    3279
1563.171,    3282
1563.262,    3276
1563.353,    3310
1563.445,    3292
1563.536,    3301
1563.628,    3276
1563.720,    3318
1563.812,    3301
1563.904,    3335
1563.995,    3294
1564.086,    3337
1564.178,    3317
1564.270,    3325
1564.360,    3321
1564.452,    3337
1564.544,    3324
1564.635,    3340
1564.726,    3314
1564.818,    3334
1564.909,    3332
1565.001,    3350
1565.091,    3305
1565.182,    3323
1565.274,    3334
1565.364,    3329
1565.455,    3327
1565.546,    3330
1565.637,    3323
1565.727,    3329
1565.819,    3313
1565.909,    3316
1566.000,    3303
1566.092,    3357
1566.182,    3320
1566.272,    3326
1566.363,    3319
1566.453,    3308
1566.543,    3305
1566.635,    3348
1566.725,    3306
1566.815,    3320
1566.907,    3303
1566.996,    3298
1567.087,    3297
1567.178,    3309
1567.267,    3297
1567.357,    3312
1567.448,    3298
1567.537,    3284
1567.627,    3295
1567.718,    3312
1567.808,    3268
1567.898,    3287
1567.988,    3296
1568.078,    3275
1568.168,    3288
1568.258,    3282
1568.348,    3255
1568.438,    3280
1568.527,    3278
1568.617,    3271
1568.706,    3273
1568.796,    3257
1568.886,    3263
1568.976,    3266
1569.065,    3248
1569.155,    3260
1569.243,    3273
1569.333,    3255
1569.423,    3255
1569.513,    3266
1569.602,    3273
1569.692,    3268
1569.781,    3236
1569.870,    3245
1569.959,    3265
1570.048,    3247
1570.137,    3254
1570.227,    3246
1570.315,    3244
1570.404,    3269
1570.493,    3245
1570.582,    3242
Pixel,  Wavelength(nm)
000,   1520.4535
001,   1520.5607
002,   1520.6680
003,   1520.7754
004,   1520.8840
005,   1520.9899
006,   1521.0991
007,   1521.2042
008,   1521.3124
009,   1521.4208
010,   1521.5270
011,   1521.6352
012,   1521.7408
013,   1521.8481
014,   1521.9557
015,   1522.0617
016,   1522.1700
017,   1522.2758
018,   1522.3840
019,   1522.4894
020,   1522.5965
021,   1522.7027
022,   1522.8098
023,   1522.9165
024,   1523.0225
025,   1523.1301
026,   1523.2360
027,   1523.3429
028,   1523.4498
029,   1523.5551
030,   1523.6625
031,   1523.7664
032,   1523.8734
033,   1523.9797
034,   1524.0850
035,   1524.1937
036,   1524.2976
037,   1524.4048
038,   1524.5110
039,   1524.6163
040,   1524.7246
041,   1524.8279
042,   1524.9345
043,   1525.0401
044,   1525.1459
045,   1525.2524
046,   1525.3560
047,   1525.4633
048,   1525.5694
049,   1525.6743
050,   1525.7808
051,   1525.8855
052,   1525.9927
053,   1526.0968
054,   1526.2019
055,   1526.3075
056,   1526.4125
057,   1526.5193
058,   1526.6229
059,   1526.7285
060,   1526.8349
061,   1526.9398
062,   1527.0460
063,   1527.1491
064,   1527.2548
065,   1527.3598
066,   1527.4645
067,   1527.5702
068,   1527.6740
069,   1527.7801
070,   1527.8845
071,   1527.9892
072,   1528.0951
073,   1528.1983
074,   1528.3042
075,   1528.4086
076,   1528.5133
077,   1528.6184
078,   1528.7210
079,   1528.8276
080,   1528.9318
081,   1529.0363
082,   1529.1413
083,   1529.2441
084,   1529.3498
085,   1529.4534
086,   1529.5575
087,   1529.6625
088,   1529.7656
089,   1529.8712
090,   1529.9748
091,   1530.0789
092,   1530.1843
093,   1530.2867
094,   1530.3919
095,   1530.4953
096,   1530.5981
097,   1530.7022
098,   1530.8051
099,   1530.9098
100,   1531.0135
101,   1531.1171
102,   1531.2217
103,   1531.3240
104,   1531.4293
105,   1531.5326
106,   1531.6358
107,   1531.7395
108,   1531.8417
109,   1531.9462
110,   1532.0496
111,   1532.1526
112,   1532.2568
113,   1532.3587
114,   1532.4626
115,   1532.5662
116,   1532.6702
117,   1532.7736
118,   1532.8746
119,   1532.9783
120,   1533.0816
121,   1533.1849
122,   1533.2889
123,   1533.3899
124,   1533.4938
125,   1533.5970
126,   1533.6988
127,   1533.8037
128,   1533.9044
129,   1534.0072
130,   1534.1098
131,   1534.2113
132,   1534.3164
133,   1534.4182
134,   1534.5205
135,   1534.6239
136,   1534.7254
137,   1534.8288
138,   1534.9303
139,   1535.0323
140,   1535.1355
141,   1535.2362
142,   1535.3395
143,   1535.4420
144,   1535.5438
145,   1535.6472
146,   1535.7479
147,   1535.8509
148,   1535.9539
149,   1536.0544
150,   1536.1573
151,   1536.2581
152,   1536.3596
153,   1536.4622
154,   1536.5631
155,   1536.6663
156,   1536.7678
157,   1536.8694
158,   1536.9717
159,   1537.0724
160,   1537.1741
161,   1537.2756
162,   1537.3762
163,   1537.4789
164,   1537.5796
165,   1537.6812
166,   1537.7828
167,   1537.8831
168,   1537.9860
169,   1538.0865
170,   1538.1883
171,   1538.2896
172,   1538.3894
173,   1538.4910
174,   1538.5926
175,   1538.6937
176,   1538.7953
177,   1538.8953
178,   1538.9962
179,   1539.0972
180,   1539.1978
181,   1539.2994
182,   1539.3995
183,   1539.5006
184,   1539.6016
185,   1539.7009
186,   1539.8028
187,   1539.9036
188,   1540.0041
189,   1540.1054
190,   1540.2050
191,   1540.3062
192,   1540.4065
193,   1540.5051
194,   1540.6065
195,   1540.7061
196,   1540.8065
197,   1540.9075
198,   1541.0060
199,   1541.1070
200,   1541.2081
201,   1541.3070
202,   1541.4083
203,   1541.5077
204,   1541.6078
205,   1541.7084
206,   1541.8061
207,   1541.9072
208,   1542.0068
209,   1542.1067
210,   1542.2077
211,   1542.3061
212,   1542.4066
213,   1542.5066
214,   1542.6044
215,   1542.7052
216,   1542.8051
217,   1542.9036
218,   1543.0042
219,   1543.1025
220,   1543.2028
221,   1543.3030
222,   1543.4002
223,   1543.5007
224,   1543.5999
225,   1543.6980
226,   1543.7979
227,   1543.8959
228,   1543.9953
229,   1544.0949
230,   1544.1927
231,   1544.2926
232,   1544.3924
233,   1544.4902
234,   1544.5901
235,   1544.6884
236,   1544.7867
237,   1544.8862
238,   1544.9834
239,   1545.0826
240,   1545.1820
241,   1545.2792
242,   1545.3795
243,   1545.4775
244,   1545.5762
245,   1545.6756
246,   1545.7727
247,   1545.8713
248,   1545.9704
249,   1546.0672
250,   1546.1660
251,   1546.2641
252,   1546.3620
253,   1546.4617
254,   1546.5584
255,   1546.6565
256,   1546.7558
257,   1546.8522
258,   1546.9495
259,   1547.0483
260,   1547.1451
261,   1547.2447
262,   1547.3417
263,   1547.4391
264,   1547.5385
265,   1547.6344
266,   1547.7323
267,   1547.8306
268,   1547.9266
269,   1548.0250
270,   1548.1224
271,   1548.2195
272,   1548.3183
273,   1548.4153
274,   1548.5124
275,   1548.6108
276,   1548.7070
277,   1548.8045
278,   1548.9027
279,   1548.9983
280,   1549.0960
281,   1549.1932
282,   1549.2896
283,   1549.3874
284,   1549.4837
285,   1549.5812
286,   1549.6785
287,   1549.7740
288,   1549.8722
289,   1549.9696
290,   1550.0647
291,   1550.1616
292,   1550.2586
293,   1550.3548
294,   1550.4518
295,   1550.5479
296,   1550.6446
297,   1550.7426
298,   1550.8375
299,   1550.9336
300,   1551.0310
301,   1551.1259
302,   1551.2227
303,   1551.3196
304,   1551.4152
305,   1551.5125
306,   1551.6083
307,   1551.7043
308,   1551.8017
309,   1551.8969
310,   1551.9927
311,   1552.0895
312,   1552.1837
313,   1552.2798
314,   1552.3765
315,   1552.4711
316,   1552.5679
317,   1552.6639
318,   1552.7591
319,   1552.8563
320,   1552.9518
321,   1553.0475
322,   1553.1433
323,   1553.2373
324,   1553.3324
325,   1553.4292
326,   1553.5229
327,   1553.6190
328,   1553.7150
329,   1553.8088
330,   1553.9050
331,   1554.0009
332,   1554.0958
333,   1554.1921
334,   1554.2860
335,   1554.3807
336,   1554.4778
337,   1554.5719
338,   1554.6667
339,   1554.7631
340,   1554.8567
341,   1554.9520
342,   1555.0478
343,   1555.1411
344,   1555.2368
345,   1555.3316
346,   1555.4247
347,   1555.5202
348,   1555.6154
349,   1555.7096
350,   1555.8056
351,   1555.8996
352,   1555.9944
353,   1556.0904
354,   1556.1831
355,   1556.2775
356,   1556.3724
357,   1556.4657
358,   1556.5599
359,   1556.6546
360,   1556.7480
361,   1556.8433
362,   1556.9374
363,   1557.0306
364,   1557.1261
365,   1557.2202
366,   1557.3133
367,   1557.4087
368,   1557.5024
369,   1557.5960
370,   1557.6906
371,   1557.7833
372,   1557.8774
373,   1557.9727
374,   1558.0652
375,   1558.1593
376,   1558.2535
377,   1558.3455
378,   1558.4393
379,   1558.5342
380,   1558.6265
381,   1558.7212
382,   1558.8153
383,   1558.9075
384,   1559.0021
385,   1559.0958
386,   1559.1884
387,   1559.2823
388,   1559.3745
389,   1559.4671
390,   1559.5611
391,   1559.6535
392,   1559.7471
393,   1559.8408
394,   1559.9331
395,   1560.0266
396,   1560.1204
397,   1560.2129
398,   1560.3056
399,   1560.3991
400,   1560.4914
401,   1560.5847
402,   1560.6776
403,   1560.7694
404,   1560.8633
405,   1560.9563
406,   1561.0478
407,   1561.1407
408,   1561.2336
409,   1561.3252
410,   1561.4180
411,   1561.5103
412,   1561.6027
413,   1561.6960
414,   1561.7882
415,   1561.8801
416,   1561.9732
417,   1562.0656
418,   1562.1577
419,   1562.2500
420,   1562.3419
421,   1562.4335
422,   1562.5258
423,   1562.6178
424,   1562.7099
425,   1562.8018
426,   1562.8946
427,   1562.9862
428,   1563.0787
429,   1563.1706
430,   1563.2616
431,   1563.3532
432,   1563.4451
433,   1563.5364
434,   1563.6279
435,   1563.7204
436,   1563.8122
437,   1563.9038
438,   1563.9952
439,   1564.0863
440,   1564.1784
441,   1564.2698
442,   1564.3599
443,   1564.4519
444,   1564.5439
445,   1564.6345
446,   1564.7261
447,   1564.8177
448,   1564.9085
449,   1565.0005
450,   1565.0912
451,   1565.1820
452,   1565.2738
453,   1565.3644
454,   1565.4546
455,   1565.5460
456,   1565.6369
457,   1565.7269
458,   1565.8190
459,   1565.9091
460,   1565.9999
461,   1566.0918
462,   1566.1822
463,   1566.2718
464,   1566.3630
465,   1566.4529
466,   1566.5428
467,   1566.6347
468,   1566.7248
469,   1566.8153
470,   1566.9065
471,   1566.9963
472,   1567.0868
473,   1567.1779
474,   1567.2672
475,   1567.3570
476,   1567.4480
477,   1567.5371
478,   1567.6272
479,   1567.7178
480,   1567.8080
481,   1567.8979
482,   1567.9882
483,   1568.0780
484,   1568.1682
485,   1568.2583
486,   1568.3480
487,   1568.4377
488,   1568.5273
489,   1568.6173
490,   1568.7061
491,   1568.7956
492,   1568.8858
493,   1568.9756
494,   1569.0653
495,   1569.1546
496,   1569.2433
497,   1569.3328
498,   1569.4231
499,   1569.5126
500,   1569.6023
501,   1569.6924
502,   1569.7812
503,   1569.8702
504,   1569.9594
505,   1570.0483
506,   1570.1368
507,   1570.2268
508,   1570.3151
509,   1570.4043
510,   1570.4933
511,   1570.5823
2014_11_24 18_55_34
第1组数据：
Peak Count: 0
Peak#, Peak Pixel, Peak Power
2014_11_24 18_55_34
2014_11_24 18_55_34
0
2014_11_24 18_55_34
第1组数据：
Peak Count: 0
Peak#, Peak Pixel, Peak Power
2014_11_24 18_55_34
2014_11_24 18_55_34
0
2014_11_24 18_55_35
第1组数据：
Peak Count: 0
Peak#, Peak Pixel, Peak Power
2014_11_24 18_55_35
2014_11_24 18_55_35
0
2014_11_24 18_55_35
第1组数据：
Peak Count: 0
Peak#, Peak Pixel, Peak Power
2014_11_24 18_55_35
2014_11_24 18_55_35
0
2014_11_24 18_55_35
第1组数据：
Peak Count: 0
Peak#, Peak Pixel, Peak Power
2014_11_24 18_55_35
2014_11_24 18_55_35
0
2014_11_24 18_55_36
第1组数据：
Peak Count: 0
Peak#, Peak Pixel, Peak Power
2014_11_24 18_55_36
2014_11_24 18_55_36
0
2014_11_24 18_55_36
第1组数据：
Peak Count: 0
Peak#, Peak Pixel, Peak Power
2014_11_24 18_55_36
2014_11_24 18_55_36
0
2014_11_24 18_55_37
第1组数据：
Peak Count: 0
Peak#, Peak Pixel, Peak Power
2014_11_24 18_55_37
2014_11_24 18_55_37
0
2014_11_24 18_55_37
第1组数据：
Peak Count: 0
Peak#, Peak Pixel, Peak Power
2014_11_24 18_55_37
2014_11_24 18_55_37
0
2014_11_24 18_55_38
第1组数据：
Peak Count: 0
Peak#, Peak Pixel, Peak Power
2014_11_24 18_55_38
2014_11_24 18_55_38
0
2014_11_24 18_55_38
第1组数据：
Peak Count: 0
Peak#, Peak Pixel, Peak Power
2014_11_24 18_55_38
2014_11_24 18_55_38
0
2014_11_24 18_55_38
第1组数据：
Peak Count: 0
Peak#, Peak Pixel, Peak Power
2014_11_24 18_55_38
2014_11_24 18_55_38
0
2014_11_24 18_55_38
第1组数据：
Peak Count: 0
Peak#, Peak Pixel, Peak Power
2014_11_24 18_55_38
2014_11_24 18_55_39
1
2014_11_24 18_55_39
第1组数据：
Peak Count: 0
Peak#, Peak Pixel, Peak Power
2014_11_24 18_55_39
2014_11_24 18_55_39
0
2014_11_24 18_55_39
第1组数据：
Peak Count: 0
Peak#, Peak Pixel, Peak Power
2014_11_24 18_55_39
2014_11_24 18_55_39
0
2014_11_24 18_55_40
第1组数据：
Peak Count: 0
Peak#, Peak Pixel, Peak Power
2014_11_24 18_55_40
2014_11_24 18_55_40
0
